1	0.3019727	0.7008723
1	0.23645745	0.7067944
1	0.17022035	0.6626961
1	0.12097497	0.6488752
1	0.13448757	0.59969336
1	0.15691936	0.6185932
1	0.058665257	0.67380506
1	0.12959129	0.719528
1	0.2073071	0.68381464
1	0.17147015	0.77043617
1	0.19037308	0.8248812
1	0.08678366	0.61124396
1	0.050087273	0.7795038
1	0.061549358	0.67855966
1	0.2690348	0.6032013
1	0.17766538	0.67728496
1	0.16808978	0.61811787
1	0.11011823	0.70426774
1	0.18152241	0.6189508
1	0.056524675	0.6112779
1	0.06798836	0.6764639
1	0.13119967	0.6566121
1	0.2734417	0.6996978
1	0.19217062	0.7219676
1	0.18922167	0.66636866
1	0.37008688	0.6702026
1	0.31012076	0.65397596
1	0.1188213	0.7838515
1	0.26680413	0.6814264
1	0.14717436	0.55868137
1	0.25192946	0.66958266
1	0.23170115	0.6143263
1	0.11877292	0.6394777
1	0.26794824	0.75080246
1	0.34625003	0.5391364
1	0.23259471	0.5982133
1	0.15440813	0.6261535
1	0.2979917	0.6577647
1	0.19659431	0.7636746
1	0.21263278	0.68691283
1	0.16788948	0.5697158
1	0.21657969	0.6798443
1	0.19658406	0.75930303
1	0.14925896	0.6680482
1	0.22467409	0.6319258
1	0.23947217	0.83729374
1	0.19850825	0.7307481
1	0.15794082	0.67327774
1	0.13612638	0.6305614
1	0.21839605	0.6621717
1	0.41766137	0.6933367
1	0.2342343	0.6747404
1	0.16633143	0.7131385
1	0.29233298	0.719512
1	0.20140241	0.69668937
1	0.2347963	0.56758064
1	0.180161	0.7219682
1	0.16019402	0.70306283
1	0.22314109	0.54918975
1	0.17433864	0.6335071
1	0.1870438	0.7471699
1	0.20162173	0.62881094
1	0.2282756	0.71552664
1	0.28405705	0.62546456
1	0.084113546	0.769164
1	0.12223895	0.7264889
1	0.29947472	0.61566275
1	0.1828133	0.7451733
1	0.08974626	0.64168274
1	0.2005441	0.7520391
1	0.15143894	0.7087784
1	0.22703487	0.6813922
1	0.15000142	0.5971386
1	0.09367561	0.7055088
1	0.24337554	0.6482188
1	0.20567614	0.59082544
1	0.17263223	0.68639
1	0.08482932	0.7133818
1	0.14529216	0.73633707
1	0.25805053	0.68599993
1	0.25486183	0.64168906
1	0.22583313	0.74372417
1	0.11212551	0.58305097
1	0.2422519	0.83094126
1	0.32415235	0.6595998
1	0.17845678	0.847049
1	0.22676933	0.63296014
1	0.095906526	0.6561093
1	0.16722922	0.6951293
1	0.29091126	0.59224623
1	0.11018034	0.74783653
1	0.24196611	0.70517254
1	0.14533776	0.902146
1	0.24827294	0.80963075
1	0.09361086	0.5670919
1	0.12912028	0.6785038
1	0.097223945	0.8830936
1	0.20048462	0.72099924
1	0.270881	0.7558256
1	0.29947126	0.6211055
1	0.22049421	0.6661545
1	0.26487103	0.7234807
1	0.22399363	0.75711256
1	0.10908176	0.7453143
1	0.22417475	0.67465335
1	0.29966283	0.73848623
1	0.09957152	0.7464835
1	0.18652765	0.87577903
1	0.22996785	0.71169424
1	0.1869824	0.6570833
1	0.33118677	0.7345665
1	0.2670916	0.7079782
1	0.1849417	0.6206992
1	0.12454525	0.710543
1	0.06655982	0.6126131
1	0.23882152	0.6773679
1	0.19504012	0.58690685
1	0.08798273	0.80384725
1	0.16781488	0.595263
1	0.03806063	0.60857505
1	0.21287863	0.65654
1	0.09935887	0.5738235
1	0.20318472	0.7282044
1	0.1939852	0.6594662
1	0.25549272	0.6909674
1	0.1461768	0.7610778
1	0.38197657	0.536714
1	0.22112949	0.6708262
1	0.25236094	0.72740966
1	0.11588218	0.7156516
1	0.19365932	0.7286032
1	0.328246	0.6445701
1	0.18641932	0.7009086
1	0.066929534	0.6648991
1	0.16781332	0.75007975
1	0.1795265	0.691667
1	0.2379001	0.77454454
1	0.15370794	0.72429323
1	0.10511908	0.62675285
1	0.19501953	0.6967756
1	0.14168575	0.67465115
1	0.12113945	0.74765
1	0.24127837	0.6283468
1	0.18246152	0.7635119
1	0.20305699	0.69496846
1	0.20768498	0.61809826
1	0.27390003	0.6900299
1	0.044327676	0.7305305
1	0.17628966	0.775303
1	0.20012172	0.7192838
1	0.123140685	0.5717673
1	0.1746169	0.69048786
1	0.13307549	0.67107105
1	0.30843422	0.7371399
1	0.17130138	0.62538046
1	0.25142798	0.7127423
1	0.03188218	0.6779518
1	0.16221496	0.6891286
1	0.20464161	0.77620506
1	0.19163872	0.7880752
1	0.2471145	0.7340639
1	0.1882962	0.74171805
1	0.2427484	0.7316546
1	0.2227878	0.7393148
1	0.1510447	0.7556172
1	0.2719796	0.7179478
1	0.17762475	0.74610126
1	0.17181481	0.6997294
1	0.25600785	0.705852
1	0.14139546	0.834382
1	0.19735123	0.6014738
1	0.23220469	0.79254496
1	0.17395173	0.62353
1	0.3439835	0.71487623
1	0.17510003	0.70373803
1	0.17560636	0.8146527
1	0.19968568	0.6789073
1	0.17555845	0.6964119
1	0.16866751	0.73909885
1	0.20608142	0.623067
1	0.17880836	0.7077371
1	0.18417428	0.6388184
1	0.17542198	0.5890123
1	0.13799964	0.73040247
1	0.24789603	0.76741683
1	0.34815827	0.5802516
1	0.22013102	0.7301003
1	0.21995501	0.7713944
1	0.22852534	0.6069951
1	0.094642475	0.6389392
1	0.12918206	0.70410174
1	0.17164771	0.76837724
1	0.21615449	0.674625
1	0.22142299	0.6863062
1	0.17780206	0.63249075
1	0.17562254	0.6929647
1	0.19049916	0.7543029
1	0.21451798	0.5888998
1	0.1914372	0.6498992
1	0.26067576	0.69791573
1	0.17503951	0.578029
1	0.23825671	0.7056471
1	0.03292556	0.7164822
1	0.3286347	0.59716105
1	0.18451118	0.73040026
1	0.16417488	0.6527979
1	0.19891274	0.69927114
1	0.15496045	0.6305447
1	0.10330311	0.6242819
1	0.11426507	0.6638525
1	0.21910077	0.6348169
1	0.27875456	0.5358101
1	0.18657103	0.73582643
1	0.040573265	0.6231192
1	0.18804242	0.66561586
1	0.19565694	0.67370546
1	0.21159594	0.73220086
1	0.35239312	0.6577214
1	0.23895408	0.73654664
1	0.24313332	0.7483027
1	0.1691862	0.6300984
1	0.15420055	0.6909447
1	0.18122154	0.7367616
1	0.2491763	0.7391264
1	0.25567377	0.7866942
1	0.21663345	0.68369406
1	0.32188618	0.61054224
1	0.12767367	0.79388356
1	0.22070639	0.76894164
1	0.18178178	0.7111242
1	0.15907681	0.6973091
1	0.4304399	0.59912866
1	0.17374557	0.77983934
1	0.15253493	0.88214403
1	0.1460439	0.7435159
1	0.29558462	0.703893
1	0.20837495	0.55723196
1	0.19580838	0.71194524
1	0.19441424	0.6601937
1	0.23407081	0.7336285
1	0.1921203	0.7838007
1	0.26290315	0.74450207
1	0.22666833	0.6011035
1	0.19003153	0.7355965
1	0.2940592	0.70351565
1	0.3063821	0.76574194
1	0.17895989	0.5799195
1	0.06257574	0.67061377
1	0.11798222	0.87960035
1	0.22849835	0.7827412
1	0.27895692	0.68378866
1	0.2428434	0.7872544
1	0.19606674	0.80213755
1	0.14651373	0.5824622
1	0.20090467	0.67748785
1	0.18549208	0.8655828
1	0.25128737	0.6528535
1	0.13582991	0.66538596
1	0.26583	0.7235686
1	0.25879082	0.6076343
1	0.2864949	0.7760544
1	0.28565767	0.7047768
1	0.2957497	0.7255161
1	0.28635418	0.6750985
1	0.31937867	0.7243191
1	0.17857172	0.65844434
1	0.2077028	0.67296785
1	0.18092401	0.7523699
1	0.13051982	0.7632261
1	0.2373987	0.6480183
1	0.070428826	0.6976005
1	0.20768015	0.7854512
1	0.164251	0.76410645
1	0.29247388	0.6668479
1	0.13877845	0.5846366
1	0.09181441	0.6357293
1	0.2180702	0.72221386
1	0.2320981	0.6716927
1	0.14543276	0.7871202
1	0.3160709	0.69828886
1	0.16717894	0.8242232
1	0.33390442	0.6902669
1	0.19698101	0.68768907
1	0.05815993	0.71032184
1	0.048999846	0.5449998
1	0.1907368	0.64619106
1	0.003208131	0.447496
1	0.0772064	0.702853
1	0.2082465	0.77004075
1	0.09790838	0.58902293
1	0.120947406	0.67896557
1	0.202443	0.77785146
1	0.1599145	0.7764358
1	0.2436667	0.7720148
1	0.2532207	0.8225033
1	0.25165114	0.7986729
1	0.21665983	0.7756365
1	0.2656962	0.695109
1	0.19330904	0.634045
1	0.19456041	0.73487234
1	0.26969817	0.7453963
1	0.1950956	0.788385
1	0.057418503	0.79956853
1	0.2697529	0.71751875
1	0.17556696	0.62011015
1	0.20692825	0.7510857
1	0.22701554	0.6427654
1	0.20643716	0.6632127
1	0.03943578	0.59500355
1	0.11269228	0.8079605
1	0.25048345	0.6702242
1	0.26330388	0.7109889
1	0.08097372	0.6299825
1	0.15489584	0.8675826
1	0.19339657	0.6766351
1	0.17662092	0.76027566
1	0.30241358	0.7143488
1	0.25465596	0.6750179
1	0.17776856	0.70632374
1	0.22326708	0.69296473
1	0.13371305	0.505262
1	0.22714351	0.76185435
1	0.21455002	0.7175178
1	0.08472592	0.6590733
1	0.343554	0.73094434
1	0.32272938	0.68925816
1	0.1333114	0.69708014
1	0.061274488	0.7572083
1	0.23092757	0.75297546
1	0.20016703	0.6544761
1	0.22773784	0.61088085
1	0.1639182	0.748621
1	0.16360798	0.71169394
1	0.2939433	0.76173544
1	0.3607746	0.7289572
1	0.23284356	0.4927698
1	0.24615149	0.72262055
1	0.20001651	0.62827957
1	0.07264225	0.67168856
1	0.17791557	0.6490269
1	0.19486672	0.69643617
1	0.22741495	0.78201824
1	0.120930344	0.664892
1	0.09399247	0.6704435
1	0.13256074	0.6244952
1	0.12849477	0.7267753
1	0.06621535	0.75104135
1	0.19235696	0.65571344
1	0.198174	0.62580407
1	0.16201343	0.7028242
1	0.27526587	0.75513
1	0.04677078	0.7010818
1	0.30936483	0.72813314
1	0.1423237	0.690357
1	0.1770937	0.6245052
1	0.06950862	0.64017427
1	0.20890726	0.6817013
1	0.2155487	0.76499075
1	0.11443761	0.6791811
1	0.267778	0.74308246
1	0.12461286	0.71245533
1	0.12346971	0.52288425
1	0.19256659	0.6936438
1	0.27981877	0.7776389
1	0.16675234	0.77173793
1	0.072910555	0.63619417
1	0.17297739	0.73862237
1	0.19964102	0.7629417
1	0.2846993	0.58526975
1	0.28224137	0.5585784
1	0.18639095	0.63119924
1	0.24956214	0.69198245
1	0.0991956	0.6202995
1	0.18346162	0.6761075
1	0.22920233	0.6269535
1	0.21497077	0.85896593
1	0.13101214	0.5538955
1	0.21760318	0.7674366
1	0.22109263	0.7099159
1	0.19043684	0.6409262
1	0.19530326	0.8911666
1	0.14326222	0.68892884
1	0.2105242	0.6728269
1	0.27542865	0.82871604
1	0.27705935	0.6512493
1	0.22966729	0.8006069
1	0.18553291	0.7697636
1	0.09314026	0.70327634
1	0.17860493	0.72152907
1	0.093490265	0.68028563
1	0.21594183	0.798812
1	0.11907449	0.8845929
1	0.12684436	0.73775256
1	0.13651872	0.67040765
1	0.06444055	0.7331529
1	0.1774247	0.7250906
1	0.083899274	0.68582165
1	0.14511807	0.7777184
1	0.108418725	0.7740477
1	0.39836934	0.63095504
1	0.17158057	0.6994817
1	0.3500532	0.7150704
1	0.26722068	0.7334311
1	0.28085688	0.72323287
1	0.32959244	0.7054976
1	0.22915989	0.7441688
1	0.1738347	0.7104565
1	0.20122328	0.71263003
1	0.11087553	0.6533608
1	0.15315227	0.79369825
1	0.2464252	0.71763676
1	0.2485687	0.68914366
1	0.23163664	0.6458106
1	0.17393112	0.70243824
1	0.20088929	0.7184805
1	0.066203184	0.6379619
1	0.31292358	0.7763426
1	0.17732312	0.7332817
1	0.21786267	0.6858995
1	0.053809315	0.73025954
1	0.30058417	0.606154
1	0.13288242	0.758861
1	0.32570976	0.6798006
1	0.12571308	0.68823385
1	0.20596136	0.6857189
1	0.20548029	0.65518546
1	0.32797757	0.6255294
1	0.18797745	0.7650335
1	0.23425731	0.81925285
1	0.097499095	0.7045324
1	0.24710144	0.6990813
1	0.14299197	0.68618333
1	0.085278794	0.7059224
1	0.2539075	0.68930143
1	0.11313382	0.62676734
1	0.24702774	0.7647618
1	0.24706417	0.77686715
1	0.1668849	0.7619418
1	0.25423124	0.63855475
1	0.06891227	0.7172661
1	0.15516323	0.8052274
1	0.2277172	0.61303073
1	0.18847407	0.5903869
1	0.26102626	0.74703354
1	0.24340822	0.7484783
1	0.23319799	0.59839964
1	0.33794445	0.63522995
1	0.23869938	0.70796514
1	0.07153542	0.73912257
1	0.18153343	0.75282794
1	0.13127102	0.6972758
1	0.052139774	0.8184164
1	0.23054251	0.85243976
1	0.13288598	0.7527399
1	0.17690489	0.63288194
1	0.15058647	0.7120481
1	0.20147714	0.6909172
1	0.2788556	0.5997381
1	0.07383466	0.74645036
1	0.17705648	0.76533985
1	0.15773222	0.52085966
1	0.19307607	0.70430595
1	0.10082795	0.78152806
1	0.23476413	0.648281
1	0.09203131	0.6702676
1	0.14564075	0.7751399
1	0.155908	0.7573417
1	0.31950662	0.55641615
1	0.0744977	0.60058427
1	0.18854819	0.73061806
1	0.19997881	0.66273785
1	0.24902996	0.67566323
1	0.2508507	0.7403884
1	0.100324914	0.79836106
1	0.2364246	0.74553126
1	0.20550881	0.7668916
1	0.3103507	0.735088
1	0.08682282	0.65283537
1	0.18792501	0.522778
1	0.31219676	0.60601074
1	0.22001855	0.73016137
1	0.12995817	0.6875844
1	0.1946873	0.52122325
1	0.2361424	0.698082
1	0.19103731	0.7197555
1	0.22875492	0.7132833
1	0.3115949	0.7233433
1	0.20231877	0.6143452
1	0.2957612	0.70333195
1	0.20678009	0.64565104
1	0.1499498	0.7222043
1	0.15206413	0.6661111
1	0.20505854	0.6941886
1	0.1928055	0.5903962
1	0.23584138	0.6826954
1	0.12612447	0.7088723
1	0.14093758	0.67036855
1	0.18280797	0.6304548
1	0.20687737	0.72405493
1	0.11837098	0.66265166
1	0.15288113	0.7503323
1	0.15437229	0.6758611
1	0.3504702	0.58976424
1	0.24533974	0.6551904
1	0.13355811	0.5745479
1	0.22179112	0.6869019
1	0.0983305	0.7978525
1	0.20517164	0.66762716
1	0.22674078	0.60409343
1	0.2386497	0.65167594
1	0.21727568	0.62191683
1	0.21973433	0.662141
1	0.22429593	0.6524045
1	0.14770368	0.60654354
1	0.3336383	0.5780685
1	0.2176484	0.6291755
1	0.30707818	0.7830215
1	0.050760046	0.7778701
1	0.30191275	0.7605025
1	0.17221747	0.66867405
1	0.2174541	0.7934619
1	0.27741593	0.67854977
1	0.14833318	0.7106505
1	0.023306878	0.70152193
1	0.20927268	0.716816
1	0.32670563	0.65797365
1	0.09826618	0.7852781
1	0.2744091	0.71259
1	0.19500396	0.7548092
1	0.042394277	0.7720331
1	0.25100845	0.77347714
1	0.13963282	0.6517136
1	0.20303465	0.7037302
1	0.12245136	0.5718271
1	0.24739021	0.73868877
1	0.27115032	0.5247424
1	0.15267321	0.6832096
1	0.15609087	0.76170045
1	0.32536095	0.71004254
1	0.23913637	0.6004621
1	0.25822315	0.67892796
1	0.22115307	0.66359085
1	0.26871648	0.6503053
1	0.24055327	0.6978853
1	0.08523455	0.61021304
1	3.38128E-4	0.6855904
1	0.18498152	0.8142051
1	0.22525747	0.7370479
1	0.20439683	0.5186692
1	0.29668272	0.6188999
1	0.25247237	0.736634
1	0.23344213	0.6436329
1	0.24520737	0.6052931
1	0.1710674	0.6569639
1	0.085930504	0.7082875
1	0.1500881	0.6034903
1	0.23929057	0.7188907
1	0.25745586	0.7317664
1	0.029553104	0.776106
1	0.21986209	0.733284
1	0.109973095	0.6572847
1	0.236546	0.81856835
1	0.2097955	0.74187404
1	0.28963494	0.71900386
1	0.15699524	0.67359436
1	0.16919896	0.7046167
1	0.22455136	0.6430759
1	0.2297638	0.7687921
1	0.31127885	0.746967
1	0.28423738	0.6684382
1	0.3507775	0.69771683
1	0.20479694	0.5575102
1	0.16553241	0.7620727
1	0.23527491	0.6712279
1	0.24011435	0.72005576
1	0.19354628	0.6063441
1	0.23395613	0.6767163
1	0.29378557	0.6057986
1	0.1667186	0.66623354
1	0.25144652	0.7113082
1	0.2481048	0.6471335
1	0.17029008	0.6975019
1	0.16174176	0.7011685
1	0.101481974	0.67478585
1	0.28647566	0.63158715
1	0.3086743	0.6993799
1	0.14485537	0.6382806
1	0.25422314	0.6949755
1	0.13862514	0.6595234
1	0.15095405	0.67323905
1	0.15946622	0.5546489
1	0.25826547	0.6774257
1	0.057675812	0.67068344
1	0.25905704	0.74530286
1	0.17426416	0.5814226
1	0.15392946	0.6063205
1	0.09446802	0.74230415
1	0.16975358	0.7602144
1	0.22280928	0.82751316
1	0.36919954	0.720871
1	0.25809553	0.81862897
1	0.1976928	0.6708621
1	0.27781186	0.791564
1	0.20824209	0.8461434
1	0.04288771	0.6805979
1	0.26414987	0.7332298
1	0.2672888	0.7137151
1	0.27369523	0.63434666
1	0.15258622	0.75271416
1	0.110322826	0.7198821
1	0.14616323	0.6442251
1	0.24171868	0.700081
1	0.2320259	0.72206575
1	0.3058921	0.75495404
1	0.18091148	0.86129385
1	0.16421093	0.7500614
1	0.2170659	0.5242746
1	0.19344495	0.6684706
1	0.1524851	0.6376026
1	0.24271898	0.73594695
1	0.21764743	0.7412339
1	0.18427438	0.8499935
1	0.097310185	0.6701042
1	0.22598273	0.5121199
1	0.25871202	0.6410308
1	0.18129295	0.6757977
1	0.21839069	0.72685206
1	0.15734549	0.7576501
1	0.33353674	0.6728046
1	0.16488945	0.7312314
1	0.13326073	0.8207761
1	0.12099547	0.7371417
1	0.18431073	0.62416846
1	0.246122	0.79667866
1	0.16213767	0.532749
1	0.31687567	0.5530596
1	0.13723159	0.6088124
1	0.3378836	0.7359987
1	0.09095058	0.6939427
1	0.13190775	0.6796464
1	0.24490094	0.6556367
1	0.23311566	0.5938663
1	0.124600425	0.79128945
1	0.1845527	0.5862506
1	0.26071125	0.76315826
1	0.106479235	0.76439106
1	0.13400854	0.70715433
1	0.121125735	0.5720005
1	0.19795644	0.64084405
1	0.2826266	0.7309545
1	0.2595621	0.83181757
1	0.27013215	0.69349426
1	0.16759947	0.70820063
1	0.105699785	0.78298384
1	0.19558218	0.54937154
1	0.21705604	0.7925894
1	0.41794518	0.68456614
1	0.15905647	0.836795
1	0.30945522	0.66271305
1	0.17248945	0.78833956
1	0.048337363	0.7348586
1	0.31672123	0.6856066
1	0.16423024	0.73026925
1	0.2583523	0.6778318
1	0.18841605	0.6424556
1	0.06461215	0.6768443
1	0.16643311	0.6134503
1	0.19872662	0.62323654
1	0.31932974	0.76442885
1	0.26338384	0.667509
1	0.16170421	0.69067687
1	0.09566637	0.79103285
1	0.22803456	0.60528773
1	0.11331314	0.65016305
1	0.18339656	0.56866866
1	0.22181764	0.66870517
1	0.20858753	0.7361733
1	0.16515777	0.726333
1	0.16287634	0.6587913
1	0.2299729	0.53546077
1	0.24741815	0.6483388
1	0.102550074	0.7263021
1	0.2636636	0.68994564
1	0.25093433	0.58860904
1	0.14076018	0.77171963
1	0.20222798	0.73872966
1	0.13167864	0.7827934
1	0.20544088	0.74383223
1	0.07917809	0.5872771
1	0.17947334	0.74140716
1	0.031228218	0.64656967
1	0.20133957	0.73111427
1	0.32446665	0.63503265
1	0.23770078	0.81731904
1	0.17500411	0.80617917
1	0.07971398	0.68753743
1	0.32270503	0.7818646
1	0.16328122	0.71130174
1	0.31907502	0.6975411
1	0.3258819	0.71048295
1	0.14529733	0.66582245
1	0.22695507	0.773744
1	0.29039094	0.6524269
1	0.10525282	0.77057016
1	0.15706407	0.75408065
1	0.16673414	0.6883094
1	0.15149418	0.83054
1	0.27705008	0.75673723
1	0.21614504	0.7204214
1	0.31622046	0.76745677
1	0.1966669	0.6364503
1	0.2591463	0.73171914
1	0.1251461	0.7730735
1	0.13261732	0.8159831
1	0.1730326	0.7268166
1	0.12793005	0.7542816
1	0.18831646	0.60632443
1	0.1789018	0.66697
1	0.14452516	0.709205
1	0.19558796	0.6963987
1	0.15703553	0.6564733
1	0.19155985	0.63768643
1	0.20954764	0.68459904
1	0.14138812	0.7622384
1	0.120464325	0.58249265
1	0.23368762	0.60291183
1	0.26174664	0.6894736
1	0.19345465	0.70631564
1	0.28643808	0.63326186
1	0.13458185	0.6630194
1	0.19274287	0.8419172
1	0.2501458	0.6353957
1	0.22265764	0.7271206
1	0.22113101	0.6363305
1	0.16089605	0.68396133
1	0.23593147	0.71850806
1	0.13987413	0.6796061
1	0.24851811	0.77184933
1	0.10079972	0.86018986
1	0.31641242	0.6957661
1	0.073829554	0.8024548
1	0.1973604	0.6995573
1	0.23103763	0.686178
1	0.02863507	0.5297188
1	0.1535008	0.58612716
1	0.35769647	0.5737927
1	0.22430333	0.6501407
1	0.052461553	0.65814835
1	0.12595637	0.70087165
1	0.21611147	0.7425841
1	0.23136859	0.7242189
1	0.17581062	0.7968257
1	0.17869931	0.84097207
1	0.19617708	0.5868322
1	0.31036842	0.79464203
1	0.13790488	0.73150367
1	0.28231686	0.67436063
1	0.1824881	0.7038018
1	0.080052525	0.62681
1	0.24659456	0.51449275
1	0.115103535	0.6594718
1	0.22955465	0.616872
1	0.14055589	0.50371945
1	0.21667045	0.6762661
1	0.22378558	0.57028294
1	0.20798957	0.63774645
1	0.14856258	0.6625366
1	0.19509207	0.74089944
1	0.25860214	0.67692167
1	0.21150444	0.7435781
1	0.13200544	0.64355797
1	0.13090397	0.5981561
1	0.21311924	0.69023407
1	0.11218424	0.7889599
1	0.30246946	0.6013999
1	0.20216714	0.7381129
1	0.3114999	0.6943233
1	0.22821626	0.79625624
1	0.28879818	0.6357937
1	0.13732545	0.7724328
1	0.20217131	0.6972421
1	0.24003184	0.61010194
1	0.22255766	0.6948754
1	0.056913417	0.5746333
1	0.21648851	0.66412
1	0.24569051	0.79003733
1	0.057813007	0.5809708
1	0.23957635	0.73989713
1	0.17991862	0.77388275
1	0.16300058	0.77092516
1	0.15438871	0.65860224
1	0.19665407	0.7006844
1	0.33839718	0.6574426
1	0.21521798	0.78867704
1	0.20598097	0.78736466
1	0.24872984	0.7044218
1	0.1709009	0.75484955
1	0.17662834	0.653025
1	0.18518654	0.6764806
1	0.22412059	0.71039736
1	0.19270097	0.75894725
1	0.2699725	0.6148799
1	0.1589278	0.69981474
1	0.3009372	0.6267344
1	0.17069852	0.68291736
1	0.11072593	0.8729344
1	0.20860149	0.5821512
1	0.089966096	0.69894785
1	0.18446708	0.7524085
1	0.12891419	0.61803925
1	0.19643264	0.645381
1	0.2225259	0.7557538
1	0.22608382	0.753919
1	0.21386296	0.73278165
1	0.19976649	0.52623343
1	0.32669756	0.6206697
1	0.28450817	0.6644016
1	0.2958983	0.6322541
1	0.2285641	0.5911377
1	0.29790145	0.63376755
1	0.25753152	0.74172
1	0.3293912	0.5848535
1	0.36805502	0.6436262
1	0.18701532	0.6394667
1	0.16889058	0.8329419
1	0.21617499	0.75120443
1	0.13278377	0.62006885
1	0.27016982	0.7755332
1	0.28144714	0.64408374
1	0.08199454	0.78783774
1	0.18287705	0.7440411
1	0.20320804	0.7378575
1	0.25185966	0.60856086
1	0.3004603	0.77319026
1	0.33674923	0.6875792
1	0.25436366	0.76476705
1	0.22689164	0.50576085
1	0.17976597	0.65789455
1	0.22793718	0.60065925
1	0.085228436	0.7671464
1	0.18853347	0.783971
1	0.19565554	0.69323456
1	0.26786762	0.6446932
1	0.23415981	0.7180879
1	0.14788748	0.6880343
1	0.26359734	0.70171255
1	0.3207906	0.48726836
1	0.1917308	0.64362115
1	0.04548542	0.7031657
1	0.19082129	0.5522909
1	0.14974084	0.643555
1	0.17818046	0.8677298
1	0.08608749	0.59133434
1	0.22996233	0.77051526
1	0.14628282	0.7333931
1	0.1892774	0.594887
1	0.20878403	0.67063755
1	0.22820005	0.6377149
1	0.06543278	0.57098955
1	0.17721142	0.73814404
1	0.26558876	0.6997321
1	0.19961122	0.79601353
1	0.17114277	0.71112263
1	0.3010322	0.68071294
1	0.16839886	0.6829956
1	0.1733197	0.73166114
1	0.21562016	0.7051445
1	0.24273463	0.72612673
1	0.17157987	0.63481617
1	0.27709788	0.73249733
1	0.20718078	0.67649174
1	0.18015803	0.65582645
1	0.23029114	0.6886917
1	0.1555592	0.76809704
1	0.11988195	0.6866079
1	0.07705033	0.6818185
1	0.27659842	0.6497468
1	0.24895392	0.62197757
1	0.28176272	0.7599441
1	0.09560424	0.7509415
1	0.20230013	0.602323
1	0.15257812	0.7851023
1	0.2971028	0.5601898
1	0.22712402	0.76811093
1	0.29672986	0.7023722
1	0.14426145	0.66744554
1	0.054020807	0.8309101
1	0.19878209	0.66173077
1	0.15534748	0.6477769
1	0.08885039	0.7788394
1	0.22834978	0.6021399
1	0.23334022	0.7480848
1	0.17709643	0.8247526
1	0.13718246	0.60685956
1	0.24012524	0.69722414
1	0.20773958	0.7859113
1	0.20500202	0.6573734
1	0.20213464	0.6806192
1	0.20385018	0.69242674
1	0.18442588	0.58162785
1	0.34047097	0.6136978
1	0.19762231	0.6097002
1	0.126408	0.71175146
1	0.06637701	0.5763019
1	0.021619204	0.7169574
1	0.16219135	0.7342093
1	0.2280006	0.66422075
1	0.3795316	0.6106828
1	0.29030043	0.74645144
1	0.29014173	0.749532
1	0.09624581	0.7661327
1	0.21459034	0.6696731
1	0.2352368	0.59131616
1	0.22323783	0.70895815
1	0.31384644	0.64190644
1	0.14688186	0.63297373
1	0.14277571	0.82562643
1	0.13661359	0.7954985
1	0.26326826	0.6943338
1	0.1531747	0.58123195
1	0.16212314	0.70519984
1	0.13117164	0.58573437
1	0.16469687	0.7776032
1	0.29491484	0.5582816
1	0.18796536	0.66528445
1	0.18051186	0.66248405
1	0.07530755	0.6993374
1	0.16053112	0.7018834
1	0.1696821	0.84930724
1	0.23340869	0.6886274
1	0.3397882	0.72508526
1	0.1381856	0.7336875
1	0.2643291	0.63620085
1	0.15153214	0.74082965
1	0.15389583	0.7986212
1	0.2088949	0.61528754
1	0.124025054	0.7585711
1	0.040490616	0.60320395
1	0.25076917	0.62551403
1	0.16173421	0.64959836
1	0.2855873	0.72808194
1	0.10279211	0.5974622
1	0.19302724	0.5030762
1	0.22289719	0.83232164
1	0.100794494	0.6994352
1	0.18623577	0.7593022
1	0.3205313	0.6109963
1	0.29409352	0.7989326
1	0.3254496	0.71529865
1	0.18293694	0.7078369
1	0.31283575	0.62383455
1	0.24182066	0.6898732
1	0.1904367	0.6431855
1	0.20980474	0.69477373
1	0.25837785	0.7335105
1	0.27094263	0.7303917
1	0.30050772	0.64023125
1	0.27282104	0.78588796
1	0.18858117	0.60408854
1	0.20435593	0.6785164
1	0.2405355	0.7927409
1	0.16760771	0.60486543
1	0.15468106	0.60797155
1	0.10597408	0.6780929
1	0.19862556	0.7679215
1	0.26366156	0.71637654
1	0.20910177	0.6960438
1	0.116961606	0.6211707
1	0.1051603	0.7627277
1	0.21500476	0.6450192
1	0.20031561	0.77139026
1	0.1684356	0.7734748
1	0.21354572	0.64586973
1	0.1831602	0.5916483
2	0.42476037	0.921108
2	0.41690835	0.9032331
2	0.4293236	0.9328909
2	0.45675266	0.9518147
2	0.41341737	0.91958785
2	0.40975666	0.9045651
2	0.4262328	0.9129801
2	0.4160618	0.92867386
2	0.43259424	0.94198453
2	0.41151133	0.9270558
2	0.40837672	0.90427613
2	0.4089816	0.93390715
2	0.43969458	0.89357895
2	0.4189032	0.9236931
2	0.41486603	0.9235579
2	0.4473474	0.9041901
2	0.41867343	0.9105091
2	0.4197399	0.9340084
2	0.44777772	0.8963819
2	0.4097043	0.9260446
2	0.4209734	0.93724823
2	0.41350088	0.8916323
2	0.44802627	0.9138551
2	0.43476966	0.9253738
2	0.42423895	0.9167686
2	0.4022437	0.9311913
2	0.43925846	0.9106561
2	0.42365018	0.9324296
2	0.42942536	0.9234759
2	0.3789192	0.9057436
2	0.44710478	0.9212937
2	0.42175874	0.90433526
2	0.42518544	0.9290915
2	0.4221751	0.9372929
2	0.44464996	0.9106638
2	0.43765187	0.93539727
2	0.44484362	0.9218301
2	0.43952757	0.93210804
2	0.43288642	0.92345476
2	0.4284446	0.9118528
2	0.40915167	0.9174031
2	0.4298131	0.9002825
2	0.3921542	0.92053795
2	0.45130333	0.9264382
2	0.3966631	0.9118345
2	0.44158974	0.89461625
2	0.4339919	0.9111979
2	0.40312493	0.9206998
2	0.42382693	0.9540434
2	0.42146784	0.9435778
2	0.4221829	0.9135585
2	0.4334906	0.89554083
2	0.42987567	0.8984468
2	0.42305303	0.91722804
2	0.46853617	0.94231373
2	0.4254444	0.9140915
2	0.42969793	0.92276895
2	0.42147377	0.89835
2	0.45325935	0.91293246
2	0.43125144	0.9293144
2	0.4074163	0.9111843
2	0.41208386	0.9263258
2	0.40589246	0.92240345
2	0.40135133	0.91611487
2	0.4097959	0.9138101
2	0.4213609	0.9325386
2	0.46177876	0.9264693
2	0.41055512	0.90355164
2	0.40433213	0.9275151
2	0.43702036	0.9370798
2	0.42204642	0.9069677
2	0.42634115	0.932232
2	0.44146535	0.9047127
2	0.42653185	0.911117
2	0.43840814	0.9164549
2	0.4586984	0.91102934
2	0.42285162	0.90538824
2	0.4293932	0.9275448
2	0.3333611	0.79404736
2	0.44081417	0.9193972
2	0.3948952	0.9166237
2	0.44027597	0.8938442
2	0.4156306	0.920608
2	0.4448581	0.9201208
2	0.4490209	0.89042264
2	0.39912838	0.9247
2	0.4473725	0.9251312
2	0.41688225	0.8771409
2	0.4188793	0.91838026
2	0.40190962	0.9287433
2	0.4220227	0.91268003
2	0.42526144	0.92099845
2	0.42853644	0.9064448
2	0.42499527	0.9190356
2	0.41891655	0.9102319
2	0.38809615	0.92292356
2	0.42436084	0.9482166
2	0.39765602	0.9296323
2	0.43230507	0.9158892
2	0.42920545	0.9274531
2	0.2959628	0.82418424
2	0.4301412	0.9127463
2	0.42317054	0.92013115
2	0.40291998	0.9235988
2	0.4070598	0.92329794
2	0.42321092	0.9316166
2	0.41582808	0.9142789
2	0.40610978	0.9338832
2	0.4163094	0.9219923
2	0.43432042	0.9078757
2	0.41701892	0.9148269
2	0.41661125	0.92061794
2	0.4037317	0.9114296
2	0.4445968	0.9152736
2	0.43578884	0.9271889
2	0.42984533	0.92426
2	0.4035183	0.9229256
2	0.42547792	0.9132081
2	0.44837835	0.92756593
2	0.43347302	0.928205
2	0.4166132	0.9086142
2	0.40912488	0.9421684
2	0.40648755	0.9283221
2	0.41184837	0.9226072
2	0.42009977	0.9098023
2	0.42444757	0.94469374
2	0.41477877	0.9095005
2	0.41407168	0.9342372
2	0.42187008	0.9445875
2	0.40782928	0.9283117
2	0.40504205	0.9204817
2	0.4226583	0.9139761
2	0.42157507	0.9238186
2	0.40647405	0.92665464
2	0.417792	0.9264192
2	0.4545221	0.8874732
2	0.39902428	0.9222874
2	0.4066644	0.91939396
2	0.42690596	0.9324571
2	0.4246197	0.92814255
2	0.42394128	0.9110836
2	0.4538127	0.9323402
2	0.43247303	0.9223162
2	0.37742049	0.90824986
2	0.38552505	0.78639424
2	0.44820502	0.9142042
2	0.43427753	0.93485
2	0.3985412	0.9075277
2	0.41955477	0.90061855
2	0.42029753	0.9186735
2	0.41125536	0.92183125
2	0.41437703	0.91690207
2	0.40672135	0.8916093
2	0.39331716	0.89771384
2	0.42169765	0.9495403
2	0.42093188	0.9035216
2	0.4258733	0.93075466
2	0.39846092	0.950218
2	0.43384165	0.9162618
2	0.41261584	0.9163443
2	0.45275268	0.8966185
2	0.42128474	0.9083998
2	0.41807115	0.9375048
2	0.40520057	0.93504786
2	0.4012567	0.937979
2	0.40254763	0.92609024
2	0.41233578	0.8949772
2	0.41286555	0.9216414
2	0.43725157	0.90766317
2	0.41918224	0.9356041
2	0.37654516	0.80965054
2	0.39771804	0.92501235
2	0.41681796	0.92826015
2	0.4258175	0.94226295
2	0.41172218	0.92785645
2	0.43722895	0.9268587
2	0.42701733	0.95213956
2	0.4171404	0.9165253
2	0.4002141	0.91524523
2	0.40069002	0.9116473
2	0.41707566	0.9155221
2	0.41752833	0.9278728
2	0.41835287	0.89859986
2	0.44083846	0.9123934
2	0.41402778	0.9275476
2	0.40508968	0.94178796
2	0.4229544	0.9412769
2	0.40826473	0.92922235
2	0.4278065	0.91974807
2	0.40160984	0.9090326
2	0.43647692	0.9235014
2	0.43355766	0.9078428
2	0.4036093	0.89992946
2	0.4444257	0.94368404
2	0.4369973	0.94528794
2	0.4011692	0.94038904
2	0.41975537	0.9234241
2	0.42173776	0.92090493
2	0.40341634	0.93234205
2	0.4147262	0.91417646
2	0.41355416	0.9294755
2	0.42999464	0.93290216
2	0.42554578	0.9229258
2	0.40406308	0.9335963
2	0.41047972	0.9285261
2	0.43373725	0.940433
2	0.44058555	0.91373336
2	0.38340002	0.93083453
2	0.4267233	0.9188669
2	0.41496536	0.92220044
2	0.3942457	0.9202009
2	0.4306078	0.9142766
2	0.41125625	0.9243206
2	0.42908245	0.9259656
2	0.4127922	0.890335
2	0.40747166	0.95058584
2	0.41820556	0.93874514
2	0.43541422	0.9122
2	0.39355928	0.9037415
2	0.43852022	0.9064525
2	0.40301874	0.9244011
2	0.41870785	0.9273267
2	0.41544148	0.9051958
2	0.4001978	0.92932683
2	0.40235448	0.9539315
2	0.4093952	0.9201424
2	0.43067172	0.9403122
2	0.42540443	0.8828724
2	0.4382956	0.9222381
2	0.4106925	0.9059984
2	0.4052712	0.9217998
2	0.43808424	0.91901267
2	0.43532833	0.93578005
2	0.4170227	0.9109462
2	0.42951947	0.90353936
2	0.41403466	0.9424251
2	0.4196978	0.9315797
2	0.43273515	0.90249383
2	0.39617738	0.9366913
2	0.42714474	0.92538005
2	0.43276727	0.8932092
2	0.39866978	0.93494886
2	0.4200632	0.9348279
2	0.42260894	0.92795825
2	0.40228927	0.92080355
2	0.44183832	0.89466035
2	0.40945417	0.9216782
2	0.4573419	0.91003376
2	0.43141156	0.89725655
2	0.43286204	0.90136856
2	0.4226382	0.9558221
2	0.4243436	0.92816705
2	0.3927275	0.9240563
2	0.42460337	0.92599386
2	0.40661198	0.939513
2	0.4093785	0.9284049
2	0.41772792	0.9148849
2	0.41850796	0.93178123
2	0.41265976	0.950604
2	0.40105706	0.9491426
2	0.43444514	0.885801
2	0.4133399	0.9003391
2	0.42052498	0.9237384
2	0.41011885	0.9236186
2	0.41533697	0.9141805
2	0.4272771	0.9176309
2	0.4238175	0.9166007
2	0.43370223	0.9099428
2	0.42405295	0.9337765
2	0.42510685	0.94044477
2	0.40614885	0.9368091
2	0.42001367	0.91303664
2	0.44427592	0.92818177
2	0.41759825	0.91428643
2	0.4147297	0.9215582
2	0.42579255	0.96051294
2	0.42641512	0.90355134
2	0.42811263	0.9119978
2	0.40401456	0.89859056
2	0.43587425	0.90864784
2	0.43546543	0.9235796
2	0.41217166	0.9107766
2	0.409644	0.9296136
2	0.45338997	0.9382992
2	0.41977042	0.9239045
2	0.41090804	0.9309363
2	0.40879226	0.9167707
2	0.41872638	0.9077234
2	0.4216829	0.9408999
2	0.4242401	0.91868424
2	0.42918128	0.9069265
2	0.3923336	0.898184
2	0.461595	0.93364227
2	0.42363304	0.9224431
2	0.4195709	0.92436194
2	0.41048455	0.9125838
2	0.42113394	0.9093472
2	0.4226358	0.8989229
2	0.4368211	0.9351815
2	0.4256651	0.9015094
2	0.41573995	0.9227437
2	0.41104835	0.9250966
2	0.39800492	0.934841
2	0.4003293	0.9018391
2	0.43393725	0.88317436
2	0.41228282	0.932291
2	0.43759108	0.9328719
2	0.4314284	0.9351703
2	0.42316386	0.956582
2	0.41596028	0.92867345
2	0.41026643	0.9210752
2	0.4090853	0.9124757
2	0.42161787	0.9239669
2	0.41857287	0.9310241
2	0.38692352	0.9365053
2	0.41871455	0.9283524
2	0.44116634	0.9094872
2	0.44466868	0.9246632
2	0.42146662	0.94364697
2	0.43626717	0.9348215
2	0.41572472	0.9565202
2	0.4323237	0.92532545
2	0.39524648	0.8880758
2	0.43207407	0.9318379
2	0.3952258	0.8976872
2	0.42223838	0.91931355
2	0.43141395	0.93219435
2	0.41322374	0.92374784
2	0.41289207	0.92693174
2	0.43923363	0.91393024
2	0.42161775	0.93019545
2	0.38395038	0.92852783
2	0.3849097	0.9204908
2	0.41276607	0.9124977
2	0.43694526	0.94300544
2	0.3962998	0.90446526
2	0.45001665	0.931396
2	0.4125501	0.90714014
2	0.43441793	0.90755355
2	0.43108466	0.90426683
2	0.42855307	0.9421902
2	0.41228372	0.9385672
2	0.43590543	0.8807132
2	0.41552448	0.913681
2	0.42570314	0.90293753
2	0.4522582	0.909168
2	0.4241911	0.9340888
2	0.40985712	0.9371213
2	0.40208483	0.93366903
2	0.4298453	0.9607639
2	0.41005772	0.93869835
2	0.3982953	0.92696756
2	0.41288507	0.8973049
2	0.4039464	0.88196045
2	0.31350273	0.80364525
2	0.4336601	0.91180384
2	0.41324136	0.90485305
2	0.41479787	0.939161
2	0.43222567	0.92553353
2	0.423772	0.9281579
2	0.3250866	0.80197525
2	0.4284903	0.9185511
2	0.40312475	0.91671693
2	0.41146055	0.91293454
2	0.4022621	0.89047
2	0.42988256	0.9467757
2	0.28894553	0.8346871
2	0.3860818	0.87419504
2	0.29031125	0.83170456
2	0.34675127	0.78229016
2	0.2970031	0.8537377
2	0.2532951	0.9237614
2	0.3408077	0.8000705
2	0.26080877	0.8747046
2	0.28246287	0.8283396
2	0.39769465	0.75145555
2	0.32428914	0.8415879
2	0.24859108	0.87249345
2	0.23380533	0.88405764
2	0.3506256	0.79925835
2	0.29075462	0.818671
2	0.38441673	0.746852
2	0.34294125	0.89157623
2	0.3490225	0.77378136
2	0.35789886	0.75478053
2	0.3021329	0.87018234
