1	0.3019726872444153	0.7008723020553589
1	0.2364574521780014	0.7067943811416626
1	0.17022034525871277	0.662696123123169
1	0.12097497284412384	0.6488751769065857
1	0.1344875693321228	0.5996933579444885
1	0.15691936016082764	0.6185932159423828
1	0.058665256947278976	0.6738050580024719
1	0.12959128618240356	0.7195280194282532
1	0.2073071002960205	0.6838146448135376
1	0.17147015035152435	0.77043616771698
1	0.19037307798862457	0.8248811960220337
1	0.08678366243839264	0.6112439632415771
1	0.05008727312088013	0.7795038223266602
1	0.0615493580698967	0.6785596609115601
1	0.26903480291366577	0.6032013297080994
1	0.17766538262367249	0.6772849559783936
1	0.16808977723121643	0.6181178689002991
1	0.11011823266744614	0.7042677402496338
1	0.1815224140882492	0.6189507842063904
1	0.05652467533946037	0.6112778782844543
1	0.06798835843801498	0.6764639019966125
1	0.1311996728181839	0.6566120982170105
1	0.27344170212745667	0.6996977925300598
1	0.1921706199645996	0.7219675779342651
1	0.18922166526317596	0.6663686633110046
1	0.3700868785381317	0.6702026128768921
1	0.31012076139450073	0.6539759635925293
1	0.11882130056619644	0.7838515043258667
1	0.26680412888526917	0.6814264059066772
1	0.14717435836791992	0.5586813688278198
1	0.25192946195602417	0.6695826649665833
1	0.23170115053653717	0.6143262982368469
1	0.11877291649580002	0.6394777297973633
1	0.2679482400417328	0.7508024573326111
1	0.3462500274181366	0.5391364097595215
1	0.23259471356868744	0.5982133150100708
1	0.15440812706947327	0.6261535286903381
1	0.29799169301986694	0.6577646732330322
1	0.19659431278705597	0.7636746168136597
1	0.21263277530670166	0.6869128346443176
1	0.16788947582244873	0.5697157979011536
1	0.21657969057559967	0.679844319820404
1	0.1965840607881546	0.7593030333518982
1	0.14925895631313324	0.6680482029914856
1	0.22467409074306488	0.6319258213043213
1	0.2394721657037735	0.8372937440872192
1	0.19850824773311615	0.7307481169700623
1	0.1579408198595047	0.673277735710144
1	0.13612638413906097	0.6305614113807678
1	0.21839605271816254	0.6621717214584351
1	0.2342343032360077	0.6747403740882874
1	0.1663314253091812	0.7131385207176208
1	0.2923329770565033	0.7195119857788086
1	0.20140241086483002	0.6966893672943115
1	0.23479630053043365	0.5675806403160095
1	0.1801609992980957	0.7219681739807129
1	0.1601940244436264	0.7030628323554993
1	0.22314108908176422	0.5491897463798523
1	0.17433863878250122	0.6335070729255676
1	0.18704380095005035	0.7471699118614197
1	0.20162172615528107	0.6288109421730042
1	0.2282755970954895	0.7155266404151917
1	0.28405705094337463	0.6254645586013794
1	0.08411354571580887	0.7691640257835388
1	0.12223894894123077	0.7264888882637024
1	0.29947471618652344	0.6156627535820007
1	0.18281330168247223	0.7451732754707336
1	0.08974625915288925	0.6416827440261841
1	0.2005441039800644	0.7520390748977661
1	0.15143893659114838	0.7087783813476562
1	0.22703486680984497	0.6813921928405762
1	0.1500014215707779	0.5971385836601257
1	0.09367561340332031	0.705508828163147
1	0.24337553977966309	0.6482188105583191
1	0.2056761384010315	0.5908254384994507
1	0.17263223230838776	0.6863899827003479
1	0.08482932299375534	0.713381826877594
1	0.14529216289520264	0.7363370656967163
1	0.2580505311489105	0.6859999299049377
1	0.25486183166503906	0.6416890621185303
1	0.22583313286304474	0.7437241673469543
1	0.11212550848722458	0.5830509662628174
1	0.2422519028186798	0.8309412598609924
1	0.3241523504257202	0.659599781036377
1	0.17845678329467773	0.8470489978790283
1	0.2267693281173706	0.6329601407051086
1	0.09590652585029602	0.6561092734336853
1	0.16722922027111053	0.6951292753219604
1	0.2909112572669983	0.5922462344169617
1	0.1101803407073021	0.7478365302085876
1	0.241966113448143	0.7051725387573242
1	0.1453377604484558	0.9021459817886353
1	0.24827294051647186	0.8096307516098022
1	0.09361086040735245	0.5670918822288513
1	0.12912027537822723	0.6785038113594055
1	0.09722394496202469	0.8830935955047607
1	0.20048461854457855	0.7209992408752441
1	0.2708809971809387	0.7558255791664124
1	0.29947125911712646	0.6211054921150208
1	0.22049421072006226	0.6661545038223267
1	0.2648710310459137	0.7234807014465332
1	0.22399362921714783	0.7571125626564026
1	0.10908176004886627	0.7453143000602722
1	0.22417475283145905	0.6746533513069153
1	0.29966282844543457	0.7384862303733826
1	0.09957151859998703	0.7464835047721863
1	0.18652765452861786	0.8757790327072144
1	0.2299678474664688	0.7116942405700684
1	0.1869823932647705	0.65708327293396
1	0.33118677139282227	0.7345665097236633
1	0.2670916020870209	0.7079781889915466
1	0.18494169414043427	0.6206992268562317
1	0.12454524636268616	0.7105429768562317
1	0.0665598213672638	0.6126130819320679
1	0.23882152140140533	0.6773679256439209
1	0.19504012167453766	0.5869068503379822
1	0.08798272907733917	0.8038472533226013
1	0.16781488060951233	0.5952630043029785
1	0.03806063160300255	0.6085750460624695
1	0.21287862956523895	0.6565399765968323
1	0.09935887157917023	0.5738235116004944
1	0.20318472385406494	0.7282044291496277
1	0.1939851939678192	0.6594662070274353
1	0.2554927170276642	0.6909673810005188
1	0.1461768001317978	0.7610778212547302
1	0.38197657465934753	0.5367140173912048
1	0.22112949192523956	0.6708261966705322
1	0.2523609399795532	0.7274096608161926
1	0.11588218063116074	0.7156515717506409
1	0.19365932047367096	0.728603184223175
1	0.32824599742889404	0.6445701122283936
1	0.1864193230867386	0.7009086012840271
1	0.06692953407764435	0.6648991107940674
1	0.16781331598758698	0.7500797510147095
1	0.17952649295330048	0.6916670203208923
1	0.23790009319782257	0.7745445370674133
1	0.15370793640613556	0.7242932319641113
1	0.10511907935142517	0.6267528533935547
1	0.19501952826976776	0.6967756152153015
1	0.14168575406074524	0.6746511459350586
1	0.12113945186138153	0.7476500272750854
1	0.24127836525440216	0.6283468008041382
1	0.18246151506900787	0.7635118961334229
1	0.20305699110031128	0.6949684619903564
1	0.2076849788427353	0.618098258972168
1	0.27390003204345703	0.6900299191474915
1	0.04432767629623413	0.7305305004119873
1	0.1762896627187729	0.7753030061721802
1	0.2001217156648636	0.7192838191986084
1	0.12314068526029587	0.571767270565033
1	0.17461690306663513	0.6904878616333008
1	0.13307549059391022	0.6710710525512695
1	0.30843421816825867	0.737139880657196
1	0.17130137979984283	0.6253804564476013
1	0.2514279782772064	0.7127423286437988
1	0.03188218176364899	0.6779518127441406
1	0.1622149646282196	0.689128577709198
1	0.20464161038398743	0.7762050628662109
1	0.19163872301578522	0.7880752086639404
1	0.24711449444293976	0.7340639233589172
1	0.18829619884490967	0.741718053817749
1	0.24274839460849762	0.7316545844078064
1	0.2227877974510193	0.7393147945404053
1	0.15104469656944275	0.7556172013282776
1	0.27197960019111633	0.717947781085968
1	0.17762474715709686	0.7461012601852417
1	0.17181481420993805	0.6997293829917908
1	0.2560078501701355	0.7058519721031189
1	0.1413954645395279	0.8343819975852966
1	0.19735123217105865	0.6014738082885742
1	0.23220469057559967	0.792544960975647
1	0.17395173013210297	0.6235299706459045
1	0.3439835011959076	0.7148762345314026
1	0.17510002851486206	0.7037380337715149
1	0.1756063550710678	0.814652681350708
1	0.19968567788600922	0.6789072751998901
1	0.1755584478378296	0.6964119076728821
1	0.1686675101518631	0.739098846912384
1	0.20608142018318176	0.6230670213699341
1	0.17880836129188538	0.7077370882034302
1	0.1841742843389511	0.6388183832168579
1	0.17542198300361633	0.5890123248100281
1	0.13799963891506195	0.7304024696350098
1	0.24789603054523468	0.7674168348312378
1	0.3481582701206207	0.5802515745162964
1	0.2201310247182846	0.7301002740859985
1	0.21995501220226288	0.7713943719863892
1	0.2285253405570984	0.6069951057434082
1	0.09464247524738312	0.6389392018318176
1	0.12918205559253693	0.7041017413139343
1	0.17164771258831024	0.7683772444725037
1	0.21615448594093323	0.6746249794960022
1	0.2214229851961136	0.6863061785697937
1	0.17780205607414246	0.6324907541275024
1	0.17562253773212433	0.6929646730422974
1	0.19049915671348572	0.7543029189109802
1	0.2145179808139801	0.5888997912406921
1	0.19143719971179962	0.6498991847038269
1	0.2606757581233978	0.6979157328605652
1	0.17503951489925385	0.5780289769172668
1	0.23825670778751373	0.7056471109390259
1	0.0329255610704422	0.7164822220802307
1	0.32863470911979675	0.597161054611206
1	0.1845111846923828	0.7304002642631531
1	0.164174884557724	0.6527978777885437
1	0.19891273975372314	0.6992711424827576
1	0.15496045351028442	0.6305447220802307
1	0.10330311208963394	0.6242818832397461
1	0.1142650693655014	0.6638525128364563
1	0.21910077333450317	0.6348168849945068
1	0.2787545621395111	0.535810112953186
1	0.18657103180885315	0.7358264327049255
1	0.04057326540350914	0.6231191754341125
1	0.18804241716861725	0.6656158566474915
1	0.1956569403409958	0.6737054586410522
1	0.21159593760967255	0.7322008609771729
1	0.35239312052726746	0.6577214002609253
1	0.2389540821313858	0.7365466356277466
1	0.2431333214044571	0.748302698135376
1	0.16918620467185974	0.6300984025001526
1	0.15420055389404297	0.6909446716308594
1	0.18122154474258423	0.7367616295814514
1	0.2491762936115265	0.7391263842582703
1	0.25567376613616943	0.7866942286491394
1	0.21663345396518707	0.683694064617157
1	0.32188618183135986	0.6105422377586365
1	0.1276736706495285	0.7938835620880127
1	0.22070638835430145	0.7689416408538818
1	0.18178178369998932	0.7111241817474365
1	0.15907680988311768	0.6973090767860413
1	0.43043988943099976	0.5991286635398865
1	0.17374557256698608	0.7798393368721008
1	0.15253493189811707	0.882144033908844
1	0.14604389667510986	0.7435159087181091
1	0.29558461904525757	0.7038930058479309
1	0.20837494730949402	0.5572319626808167
1	0.19580838084220886	0.7119452357292175
1	0.19441424310207367	0.660193681716919
1	0.2340708076953888	0.733628511428833
1	0.19212029874324799	0.7838007211685181
1	0.2629031538963318	0.744502067565918
1	0.2266683280467987	0.6011034846305847
1	0.1900315284729004	0.7355964779853821
1	0.2940591871738434	0.7035156488418579
1	0.30638208985328674	0.7657419443130493
1	0.1789598912000656	0.5799195170402527
1	0.06257574260234833	0.6706137657165527
1	0.11798222362995148	0.8796003460884094
1	0.22849835455417633	0.7827411890029907
1	0.27895691990852356	0.6837886571884155
1	0.2428434044122696	0.7872543931007385
1	0.1960667371749878	0.802137553691864
1	0.14651373028755188	0.5824621915817261
1	0.20090466737747192	0.677487850189209
1	0.18549208343029022	0.8655828237533569
1	0.2512873709201813	0.6528534889221191
1	0.13582991063594818	0.6653859615325928
1	0.26583001017570496	0.7235686182975769
1	0.2587908208370209	0.6076343059539795
1	0.2864949107170105	0.7760543823242188
1	0.285657674074173	0.7047768235206604
1	0.295749694108963	0.7255160808563232
1	0.2863541841506958	0.6750984787940979
1	0.31937867403030396	0.7243191003799438
1	0.17857171595096588	0.658444344997406
1	0.20770280063152313	0.6729678511619568
1	0.18092401325702667	0.7523698806762695
1	0.1305198222398758	0.7632260918617249
1	0.23739869892597198	0.6480183005332947
1	0.07042882591485977	0.6976004838943481
1	0.20768015086650848	0.7854511737823486
1	0.16425099968910217	0.7641064524650574
1	0.2924738824367523	0.6668478846549988
1	0.1387784481048584	0.5846366286277771
1	0.09181441366672516	0.6357293128967285
1	0.21807019412517548	0.722213864326477
1	0.23209810256958008	0.6716927289962769
1	0.1454327553510666	0.7871202230453491
1	0.31607091426849365	0.6982888579368591
1	0.1671789437532425	0.8242232203483582
1	0.3339044153690338	0.6902669072151184
1	0.1969810128211975	0.6876890659332275
1	0.058159928768873215	0.710321843624115
1	0.0489998459815979	0.5449997782707214
1	0.1907368004322052	0.6461910605430603
1	0.0032081310637295246	0.4474959969520569
1	0.07720640301704407	0.7028530240058899
1	0.20824649930000305	0.77004075050354
1	0.0979083776473999	0.5890229344367981
1	0.12094740569591522	0.6789655685424805
1	0.20244300365447998	0.7778514623641968
1	0.15991449356079102	0.7764357924461365
1	0.24366669356822968	0.7720147967338562
1	0.25322070717811584	0.8225033283233643
1	0.2516511380672455	0.7986729145050049
1	0.21665982902050018	0.7756364941596985
1	0.2656961977481842	0.6951090097427368
1	0.19330903887748718	0.6340450048446655
1	0.19456040859222412	0.7348723411560059
1	0.2696981728076935	0.7453963160514832
1	0.19509559869766235	0.7883849740028381
1	0.05741850286722183	0.7995685338973999
1	0.2697528898715973	0.7175187468528748
1	0.17556695640087128	0.6201101541519165
1	0.20692825317382812	0.7510856986045837
1	0.22701554000377655	0.6427654027938843
1	0.2064371556043625	0.6632127165794373
1	0.03943578153848648	0.5950035452842712
1	0.11269228160381317	0.8079605102539062
1	0.2504834532737732	0.6702241897583008
1	0.26330387592315674	0.7109888792037964
1	0.08097372204065323	0.6299824714660645
1	0.1548958420753479	0.8675826191902161
1	0.19339656829833984	0.6766350865364075
1	0.17662091553211212	0.760275661945343
1	0.30241358280181885	0.7143487930297852
1	0.25465595722198486	0.6750178933143616
1	0.1777685582637787	0.7063237428665161
1	0.2232670783996582	0.6929647326469421
1	0.13371305167675018	0.505262017250061
1	0.22714351117610931	0.761854350566864
1	0.21455001831054688	0.7175177931785583
1	0.08472591638565063	0.6590732932090759
1	0.34355399012565613	0.7309443354606628
1	0.3227293789386749	0.6892581582069397
1	0.1333114057779312	0.697080135345459
1	0.061274487525224686	0.7572082877159119
1	0.23092757165431976	0.7529754638671875
1	0.20016703009605408	0.6544761061668396
1	0.22773784399032593	0.6108808517456055
1	0.16391819715499878	0.7486209869384766
1	0.16360798478126526	0.7116939425468445
1	0.29394328594207764	0.7617354393005371
1	0.36077460646629333	0.7289571762084961
1	0.2328435629606247	0.4927698075771332
1	0.24615149199962616	0.7226205468177795
1	0.20001651346683502	0.6282795667648315
1	0.0726422518491745	0.6716885566711426
1	0.1779155731201172	0.6490268707275391
1	0.19486671686172485	0.6964361667633057
1	0.22741495072841644	0.78201824426651
1	0.12093034386634827	0.6648920178413391
1	0.09399247169494629	0.6704434752464294
1	0.13256074488162994	0.6244952082633972
1	0.1284947693347931	0.7267752885818481
1	0.06621535122394562	0.7510413527488708
1	0.19235695898532867	0.6557134389877319
1	0.19817399978637695	0.62580406665802
1	0.16201342642307281	0.7028241753578186
1	0.2752658724784851	0.7551299929618835
1	0.04677078127861023	0.7010818123817444
1	0.30936482548713684	0.7281331419944763
1	0.14232370257377625	0.6903570294380188
1	0.17709369957447052	0.6245052218437195
1	0.0695086196064949	0.6401742696762085
1	0.20890726149082184	0.6817013025283813
1	0.21554869413375854	0.7649907469749451
1	0.11443760991096497	0.6791810989379883
1	0.2677780091762543	0.7430824637413025
1	0.12461286038160324	0.7124553322792053
1	0.12346971035003662	0.5228842496871948
1	0.19256658852100372	0.6936438083648682
1	0.2798187732696533	0.7776389122009277
1	0.16675233840942383	0.7717379331588745
1	0.07291055470705032	0.6361941695213318
1	0.17297738790512085	0.7386223673820496
1	0.19964101910591125	0.7629417181015015
1	0.28469929099082947	0.5852697491645813
1	0.2822413742542267	0.558578372001648
1	0.1863909512758255	0.6311992406845093
1	0.24956214427947998	0.6919824481010437
1	0.09919559955596924	0.6202995181083679
1	0.18346162140369415	0.6761075258255005
1	0.22920233011245728	0.6269534826278687
1	0.21497076749801636	0.8589659333229065
1	0.13101214170455933	0.5538954734802246
1	0.2176031768321991	0.7674366235733032
1	0.22109262645244598	0.7099158763885498
1	0.19043684005737305	0.64092618227005
1	0.19530326128005981	0.891166627407074
1	0.14326222240924835	0.6889288425445557
1	0.21052420139312744	0.672826886177063
1	0.2754286527633667	0.8287160396575928
1	0.2770593464374542	0.6512492895126343
1	0.2296672910451889	0.800606906414032
1	0.18553291261196136	0.7697635889053345
1	0.09314025938510895	0.7032763361930847
1	0.17860493063926697	0.7215290665626526
1	0.09349026530981064	0.680285632610321
1	0.21594183146953583	0.7988119721412659
1	0.1190744936466217	0.8845928907394409
1	0.1268443614244461	0.7377525568008423
1	0.1365187168121338	0.6704076528549194
1	0.06444054841995239	0.7331529259681702
1	0.17742469906806946	0.7250906229019165
1	0.08389927446842194	0.6858216524124146
1	0.14511807262897491	0.7777184247970581
1	0.10841872543096542	0.7740476727485657
1	0.39836934208869934	0.6309550404548645
1	0.17158056795597076	0.699481725692749
1	0.35005319118499756	0.7150704264640808
1	0.267220675945282	0.7334311008453369
1	0.2808568775653839	0.7232328653335571
1	0.32959243655204773	0.7054976224899292
1	0.2291598916053772	0.7441688179969788
1	0.1738346964120865	0.7104564905166626
1	0.20122328400611877	0.712630033493042
1	0.11087553203105927	0.6533607840538025
1	0.15315227210521698	0.793698251247406
1	0.24642519652843475	0.71763676404953
1	0.24856869876384735	0.6891436576843262
1	0.231636643409729	0.645810604095459
1	0.17393112182617188	0.702438235282898
1	0.20088928937911987	0.7184805274009705
1	0.06620318442583084	0.6379619240760803
1	0.3129235804080963	0.7763425707817078
1	0.177323117852211	0.733281672000885
1	0.21786266565322876	0.6858994960784912
1	0.05380931496620178	0.7302595376968384
1	0.30058416724205017	0.6061540246009827
1	0.13288241624832153	0.7588610053062439
1	0.3257097601890564	0.6798006296157837
1	0.12571308016777039	0.6882338523864746
1	0.20596136152744293	0.6857188940048218
1	0.20548029243946075	0.6551854610443115
1	0.32797756791114807	0.625529408454895
1	0.18797744810581207	0.765033483505249
1	0.234257310628891	0.8192528486251831
1	0.09749909490346909	0.7045323848724365
1	0.24710144102573395	0.699081301689148
1	0.14299197494983673	0.6861833333969116
1	0.08527879416942596	0.7059224247932434
1	0.2539075016975403	0.6893014311790466
1	0.11313381791114807	0.6267673373222351
1	0.24702773988246918	0.7647618055343628
1	0.24706417322158813	0.776867151260376
1	0.1668848991394043	0.7619417905807495
1	0.2542312443256378	0.6385547518730164
1	0.06891226768493652	0.7172660827636719
1	0.1551632285118103	0.8052273988723755
1	0.22771720588207245	0.613030731678009
1	0.18847407400608063	0.5903869271278381
1	0.2610262632369995	0.7470335364341736
1	0.2434082180261612	0.7484782934188843
1	0.23319798707962036	0.5983996391296387
1	0.3379444479942322	0.6352299451828003
1	0.23869937658309937	0.7079651355743408
1	0.07153542339801788	0.7391225695610046
1	0.18153342604637146	0.7528279423713684
1	0.13127101957798004	0.6972758173942566
1	0.0521397739648819	0.81841641664505
1	0.23054251074790955	0.8524397611618042
1	0.13288597762584686	0.7527399063110352
1	0.17690488696098328	0.6328819394111633
1	0.15058647096157074	0.7120481133460999
1	0.20147714018821716	0.6909171938896179
1	0.2788555920124054	0.5997381210327148
1	0.07383465766906738	0.7464503645896912
1	0.1770564764738083	0.7653398513793945
1	0.15773221850395203	0.5208596587181091
1	0.19307607412338257	0.7043059468269348
1	0.10082794725894928	0.7815280556678772
1	0.23476412892341614	0.6482809782028198
1	0.09203130751848221	0.6702675819396973
1	0.14564074575901031	0.7751399278640747
1	0.15590800344944	0.7573416829109192
1	0.31950661540031433	0.5564161539077759
1	0.07449769973754883	0.6005842685699463
1	0.18854819238185883	0.7306180596351624
1	0.1999788135290146	0.6627378463745117
1	0.2490299642086029	0.6756632328033447
1	0.25085070729255676	0.7403883934020996
1	0.10032491385936737	0.79836106300354
1	0.23642459511756897	0.7455312609672546
1	0.20550881326198578	0.766891598701477
1	0.3103506863117218	0.7350879907608032
1	0.08682282269001007	0.6528353691101074
1	0.18792501091957092	0.5227779746055603
1	0.3121967613697052	0.6060107350349426
1	0.22001855075359344	0.7301613688468933
1	0.1299581676721573	0.687584400177002
1	0.19468730688095093	0.521223247051239
1	0.23614239692687988	0.6980819702148438
1	0.19103731215000153	0.7197554707527161
1	0.228754922747612	0.7132833003997803
1	0.3115949034690857	0.7233433127403259
1	0.20231877267360687	0.6143451929092407
1	0.29576119780540466	0.7033319473266602
1	0.2067800909280777	0.6456510424613953
1	0.1499498039484024	0.722204327583313
1	0.15206412971019745	0.6661111116409302
1	0.20505854487419128	0.6941885948181152
1	0.19280549883842468	0.5903962254524231
1	0.23584137856960297	0.6826953887939453
1	0.12612447142601013	0.7088723182678223
1	0.14093758165836334	0.6703685522079468
1	0.18280796706676483	0.6304547786712646
1	0.20687736570835114	0.7240549325942993
1	0.11837098002433777	0.6626516580581665
1	0.15288113057613373	0.7503322958946228
1	0.15437228977680206	0.675861120223999
1	0.3504701852798462	0.5897642374038696
1	0.24533973634243011	0.6551904082298279
1	0.13355810940265656	0.5745478868484497
1	0.2217911183834076	0.6869019269943237
1	0.09833049774169922	0.7978525161743164
1	0.2051716446876526	0.6676271557807922
1	0.2267407774925232	0.6040934324264526
1	0.23864969611167908	0.6516759395599365
1	0.2172756791114807	0.6219168305397034
1	0.219734326004982	0.6621410250663757
1	0.22429592907428741	0.6524044871330261
1	0.14770367741584778	0.6065435409545898
1	0.3336383104324341	0.5780684947967529
1	0.21764840185642242	0.6291754841804504
1	0.30707818269729614	0.7830215096473694
1	0.050760045647621155	0.7778701186180115
1	0.30191275477409363	0.7605025172233582
1	0.1722174733877182	0.6686740517616272
1	0.21745410561561584	0.7934619188308716
1	0.277415931224823	0.6785497665405273
1	0.14833317697048187	0.7106505036354065
1	0.02330687828361988	0.7015219330787659
1	0.20927268266677856	0.7168160080909729
1	0.3267056345939636	0.6579736471176147
1	0.09826617687940598	0.7852780818939209
1	0.27440908551216125	0.7125899791717529
1	0.1950039565563202	0.7548092007637024
1	0.04239427670836449	0.7720330953598022
1	0.25100845098495483	0.7734771370887756
1	0.13963282108306885	0.6517136096954346
1	0.2030346542596817	0.7037302255630493
1	0.12245135754346848	0.5718271136283875
1	0.24739021062850952	0.7386887669563293
1	0.2711503207683563	0.5247424244880676
1	0.15267321467399597	0.6832095980644226
1	0.1560908704996109	0.761700451374054
1	0.3253609538078308	0.7100425362586975
1	0.23913636803627014	0.6004620790481567
1	0.25822314620018005	0.6789279580116272
1	0.22115306556224823	0.6635908484458923
1	0.2687164843082428	0.6503052711486816
1	0.24055327475070953	0.697885274887085
1	0.08523455262184143	0.610213041305542
1	3.381280112080276E-4	0.685590386390686
1	0.18498152494430542	0.8142051100730896
1	0.22525747120380402	0.7370479106903076
1	0.2043968290090561	0.5186691880226135
1	0.2966827154159546	0.6188998818397522
1	0.2524723708629608	0.7366340160369873
1	0.23344212770462036	0.6436328887939453
1	0.24520736932754517	0.6052930951118469
1	0.17106740176677704	0.6569638848304749
1	0.08593050390481949	0.7082874774932861
1	0.1500881016254425	0.6034902930259705
1	0.23929056525230408	0.7188907265663147
1	0.25745585560798645	0.731766402721405
1	0.02955310419201851	0.7761059999465942
1	0.21986208856105804	0.7332839965820312
1	0.10997309535741806	0.657284677028656
1	0.23654599487781525	0.8185683488845825
1	0.2097955048084259	0.7418740391731262
1	0.28963494300842285	0.7190038561820984
1	0.1569952368736267	0.6735943555831909
1	0.16919896006584167	0.7046167254447937
1	0.22455136477947235	0.6430758833885193
1	0.22976380586624146	0.7687920928001404
1	0.3112788498401642	0.7469670176506042
1	0.2842373847961426	0.668438196182251
1	0.3507775068283081	0.6977168321609497
1	0.2047969400882721	0.5575101971626282
1	0.1655324101448059	0.7620726823806763
1	0.23527491092681885	0.6712278723716736
1	0.24011434614658356	0.7200557589530945
1	0.19354628026485443	0.6063441038131714
1	0.23395612835884094	0.6767163276672363
1	0.29378557205200195	0.605798602104187
1	0.16671860218048096	0.6662335395812988
1	0.25144651532173157	0.7113081812858582
1	0.24810479581356049	0.6471335291862488
1	0.17029008269309998	0.6975018978118896
1	0.16174176335334778	0.7011684775352478
1	0.10148197412490845	0.674785852432251
1	0.28647565841674805	0.6315871477127075
1	0.30867430567741394	0.6993799209594727
1	0.14485536515712738	0.6382805705070496
1	0.25422313809394836	0.6949754953384399
1	0.1386251449584961	0.6595234274864197
1	0.15095405280590057	0.6732390522956848
1	0.1594662219285965	0.5546488761901855
1	0.2582654654979706	0.6774256825447083
1	0.057675812393426895	0.6706834435462952
1	0.25905704498291016	0.7453028559684753
1	0.17426416277885437	0.5814226269721985
1	0.1539294570684433	0.6063205003738403
1	0.09446801990270615	0.7423041462898254
1	0.16975358128547668	0.7602143883705139
1	0.22280928492546082	0.8275131583213806
1	0.3691995441913605	0.7208709716796875
1	0.25809553265571594	0.8186289668083191
1	0.19769279658794403	0.670862078666687
1	0.27781185507774353	0.7915639877319336
1	0.20824208855628967	0.8461434245109558
1	0.04288771003484726	0.6805979013442993
1	0.26414987444877625	0.7332298159599304
1	0.26728880405426025	0.7137150764465332
1	0.2736952304840088	0.6343466639518738
1	0.1525862216949463	0.7527141571044922
1	0.11032282561063766	0.719882071018219
1	0.1461632251739502	0.6442251205444336
1	0.24171867966651917	0.7000809907913208
1	0.2320259064435959	0.7220657467842102
1	0.30589210987091064	0.7549540400505066
1	0.18091148138046265	0.8612938523292542
1	0.16421093046665192	0.7500613927841187
1	0.21706590056419373	0.5242745876312256
1	0.19344495236873627	0.6684706211090088
1	0.15248510241508484	0.6376026272773743
1	0.24271897971630096	0.7359469532966614
1	0.21764743328094482	0.7412338852882385
1	0.18427437543869019	0.8499935269355774
1	0.09731018543243408	0.6701042056083679
1	0.22598272562026978	0.5121198892593384
1	0.2587120234966278	0.6410307884216309
1	0.18129295110702515	0.675797700881958
1	0.21839068830013275	0.7268520593643188
1	0.1573454886674881	0.7576500773429871
1	0.3335367441177368	0.672804594039917
1	0.16488945484161377	0.7312313914299011
1	0.13326072692871094	0.820776104927063
1	0.12099546939134598	0.7371417284011841
1	0.18431073427200317	0.6241684556007385
1	0.24612200260162354	0.7966786623001099
1	0.16213767230510712	0.5327489972114563
1	0.3168756663799286	0.5530595779418945
1	0.13723158836364746	0.6088123917579651
1	0.3378835916519165	0.7359986901283264
1	0.09095057845115662	0.6939427256584167
1	0.13190774619579315	0.679646372795105
1	0.24490094184875488	0.655636727809906
1	0.23311565816402435	0.5938662886619568
1	0.12460042536258698	0.7912894487380981
1	0.18455269932746887	0.5862506031990051
1	0.2607112526893616	0.7631582617759705
1	0.1064792349934578	0.7643910646438599
1	0.13400854170322418	0.7071543335914612
1	0.1211257353425026	0.5720005035400391
1	0.19795644283294678	0.6408440470695496
1	0.28262659907341003	0.7309545278549194
1	0.25956210494041443	0.8318175673484802
1	0.2701321542263031	0.6934942603111267
1	0.16759946942329407	0.7082006335258484
1	0.10569978505373001	0.7829838395118713
1	0.19558218121528625	0.5493715405464172
1	0.2170560359954834	0.7925894260406494
1	0.41794517636299133	0.6845661401748657
1	0.15905646979808807	0.8367949724197388
1	0.3094552159309387	0.6627130508422852
1	0.1724894493818283	0.7883395552635193
1	0.048337362706661224	0.7348585724830627
1	0.31672123074531555	0.6856065988540649
1	0.16423024237155914	0.7302692532539368
1	0.2583523094654083	0.6778318285942078
1	0.18841604888439178	0.6424555778503418
1	0.06461215019226074	0.6768442988395691
1	0.16643311083316803	0.613450288772583
1	0.198726624250412	0.6232365369796753
1	0.31932973861694336	0.7644288539886475
1	0.2633838355541229	0.6675090193748474
1	0.16170421242713928	0.6906768679618835
1	0.09566637128591537	0.7910328507423401
1	0.22803455591201782	0.6052877306938171
1	0.11331313848495483	0.6501630544662476
1	0.18339656293392181	0.5686686635017395
1	0.22181764245033264	0.6687051653862
1	0.20858752727508545	0.7361732721328735
1	0.1651577651500702	0.7263330221176147
1	0.16287633776664734	0.6587913036346436
1	0.22997289896011353	0.5354607701301575
1	0.24741815030574799	0.648338794708252
1	0.10255007445812225	0.7263020873069763
1	0.2636635899543762	0.689945638179779
1	0.25093433260917664	0.5886090397834778
1	0.14076018333435059	0.7717196345329285
1	0.20222797989845276	0.7387296557426453
1	0.13167864084243774	0.782793402671814
1	0.20544087886810303	0.7438322305679321
1	0.079178087413311	0.5872771143913269
1	0.17947334051132202	0.7414071559906006
1	0.031228218227624893	0.6465696692466736
1	0.20133957266807556	0.7311142683029175
1	0.32446664571762085	0.6350326538085938
1	0.23770077526569366	0.8173190355300903
1	0.17500410974025726	0.8061791658401489
1	0.07971397787332535	0.687537431716919
1	0.3227050304412842	0.781864583492279
1	0.16328121721744537	0.7113017439842224
1	0.3190750181674957	0.6975411176681519
1	0.3258818984031677	0.7104829549789429
1	0.1452973335981369	0.665822446346283
1	0.22695507109165192	0.7737439870834351
1	0.2903909385204315	0.6524268984794617
1	0.10525281727313995	0.7705701589584351
1	0.1570640653371811	0.7540806531906128
1	0.16673414409160614	0.688309371471405
1	0.15149417519569397	0.8305400013923645
1	0.27705007791519165	0.756737232208252
1	0.21614503860473633	0.7204213738441467
1	0.3162204623222351	0.7674567699432373
1	0.1966668963432312	0.6364502906799316
1	0.2591463029384613	0.7317191362380981
1	0.12514610588550568	0.7730734944343567
1	0.13261732459068298	0.8159831166267395
1	0.17303259670734406	0.7268165946006775
1	0.12793004512786865	0.7542815804481506
1	0.1883164644241333	0.6063244342803955
1	0.178901806473732	0.6669700145721436
1	0.14452515542507172	0.7092049717903137
1	0.19558796286582947	0.6963986754417419
1	0.15703552961349487	0.6564732789993286
1	0.19155985116958618	0.6376864314079285
1	0.20954763889312744	0.6845990419387817
1	0.14138811826705933	0.7622383832931519
1	0.12046432495117188	0.5824926495552063
1	0.233687624335289	0.6029118299484253
1	0.2617466449737549	0.6894736289978027
1	0.19345465302467346	0.7063156366348267
1	0.28643807768821716	0.6332618594169617
1	0.13458184897899628	0.6630194187164307
1	0.19274286925792694	0.8419172167778015
1	0.2501457929611206	0.6353957056999207
1	0.22265763580799103	0.727120578289032
1	0.22113101184368134	0.6363304853439331
1	0.16089604794979095	0.6839613318443298
1	0.23593147099018097	0.7185080647468567
1	0.13987413048744202	0.6796060800552368
1	0.24851810932159424	0.7718493342399597
1	0.10079971700906754	0.8601898550987244
1	0.31641241908073425	0.6957660913467407
1	0.07382955402135849	0.8024548292160034
1	0.19736039638519287	0.6995573043823242
1	0.23103763163089752	0.6861780285835266
1	0.028635069727897644	0.529718816280365
1	0.15350079536437988	0.5861271619796753
1	0.3576964735984802	0.5737926959991455
1	0.22430333495140076	0.6501407027244568
1	0.05246155336499214	0.6581483483314514
1	0.12595637142658234	0.7008716464042664
1	0.2161114662885666	0.7425841093063354
1	0.23136858642101288	0.7242189049720764
1	0.17581062018871307	0.7968257069587708
1	0.1786993145942688	0.8409720659255981
1	0.19617708027362823	0.5868322253227234
1	0.3103684186935425	0.7946420311927795
1	0.13790488243103027	0.7315036654472351
1	0.2823168635368347	0.6743606328964233
1	0.1824880987405777	0.7038018107414246
1	0.08005252480506897	0.6268100142478943
1	0.24659456312656403	0.5144927501678467
1	0.11510353535413742	0.6594718098640442
1	0.2295546531677246	0.6168720126152039
1	0.14055588841438293	0.5037194490432739
1	0.2166704535484314	0.676266074180603
1	0.22378557920455933	0.5702829360961914
1	0.20798957347869873	0.6377464532852173
1	0.14856258034706116	0.66253662109375
1	0.1950920671224594	0.7408994436264038
1	0.2586021423339844	0.6769216656684875
1	0.21150444447994232	0.7435780763626099
1	0.13200543820858002	0.6435579657554626
1	0.13090397417545319	0.5981560945510864
1	0.213119238615036	0.6902340650558472
1	0.11218424141407013	0.7889599204063416
1	0.3024694621562958	0.6013998985290527
1	0.20216713845729828	0.7381129264831543
1	0.3114998936653137	0.6943233013153076
1	0.2282162606716156	0.7962562441825867
1	0.28879818320274353	0.6357936859130859
1	0.1373254507780075	0.772432804107666
1	0.20217131078243256	0.6972420811653137
1	0.24003183841705322	0.6101019382476807
1	0.2225576639175415	0.6948754191398621
1	0.05691341683268547	0.5746333003044128
1	0.21648851037025452	0.6641200184822083
1	0.2456905096769333	0.7900373339653015
1	0.05781300738453865	0.580970823764801
1	0.23957635462284088	0.7398971319198608
1	0.17991861701011658	0.7738827466964722
1	0.16300058364868164	0.7709251642227173
1	0.15438871085643768	0.658602237701416
1	0.1966540664434433	0.7006844282150269
1	0.33839717507362366	0.6574426293373108
1	0.2152179777622223	0.7886770367622375
1	0.20598097145557404	0.787364661693573
1	0.24872983992099762	0.7044218182563782
1	0.17090089619159698	0.7548495531082153
1	0.17662833631038666	0.6530249714851379
1	0.18518653512001038	0.6764805912971497
1	0.2241205871105194	0.7103973627090454
1	0.19270096719264984	0.7589472532272339
1	0.2699725031852722	0.6148799061775208
1	0.1589277982711792	0.6998147368431091
1	0.3009372055530548	0.6267343759536743
1	0.17069852352142334	0.6829173564910889
1	0.11072593182325363	0.8729344010353088
1	0.20860148966312408	0.5821511745452881
1	0.08996609598398209	0.6989478468894958
1	0.18446707725524902	0.752408504486084
1	0.12891419231891632	0.6180392503738403
1	0.19643263518810272	0.645380973815918
1	0.22252589464187622	0.7557538151741028
1	0.22608381509780884	0.7539190053939819
1	0.21386295557022095	0.7327816486358643
1	0.19976648688316345	0.526233434677124
1	0.32669755816459656	0.6206697225570679
1	0.2845081686973572	0.6644015908241272
1	0.29589828848838806	0.6322541236877441
1	0.2285640984773636	0.591137707233429
1	0.297901451587677	0.6337675452232361
1	0.2575315237045288	0.7417200207710266
1	0.329391211271286	0.58485347032547
1	0.3680550158023834	0.6436262130737305
1	0.1870153248310089	0.6394667029380798
1	0.168890580534935	0.8329418897628784
1	0.21617498993873596	0.7512044310569763
1	0.13278377056121826	0.6200688481330872
1	0.27016982436180115	0.7755331993103027
1	0.2814471423625946	0.6440837383270264
1	0.08199454098939896	0.7878377437591553
1	0.1828770488500595	0.7440410852432251
1	0.2032080441713333	0.7378575205802917
1	0.2518596649169922	0.6085608601570129
1	0.3004603087902069	0.7731902599334717
1	0.33674922585487366	0.6875792145729065
1	0.25436365604400635	0.764767050743103
1	0.2268916368484497	0.5057608485221863
1	0.1797659695148468	0.6578945517539978
1	0.22793717682361603	0.6006592512130737
1	0.08522843569517136	0.7671464085578918
1	0.1885334700345993	0.7839710116386414
1	0.19565553963184357	0.6932345628738403
1	0.2678676247596741	0.6446931958198547
1	0.23415981233119965	0.718087911605835
1	0.1478874832391739	0.6880342960357666
1	0.2635973393917084	0.7017125487327576
1	0.3207905888557434	0.4872683584690094
1	0.191730797290802	0.6436211466789246
1	0.045485418289899826	0.7031657099723816
1	0.19082129001617432	0.5522909164428711
1	0.14974084496498108	0.6435549855232239
1	0.17818045616149902	0.8677297830581665
1	0.08608748763799667	0.591334342956543
1	0.2299623340368271	0.7705152630805969
1	0.14628282189369202	0.7333930730819702
1	0.18927739560604095	0.5948870182037354
1	0.20878402888774872	0.6706375479698181
1	0.2282000482082367	0.6377149224281311
1	0.06543277949094772	0.5709895491600037
1	0.17721141874790192	0.738144040107727
1	0.26558876037597656	0.6997321248054504
1	0.19961121678352356	0.7960135340690613
1	0.17114277184009552	0.7111226320266724
1	0.3010321855545044	0.6807129383087158
1	0.16839885711669922	0.682995617389679
1	0.17331969738006592	0.7316611409187317
1	0.21562016010284424	0.7051445245742798
1	0.2427346259355545	0.7261267304420471
1	0.17157986760139465	0.6348161697387695
1	0.2770978808403015	0.7324973344802856
1	0.20718078315258026	0.6764917373657227
1	0.18015803396701813	0.6558264493942261
1	0.23029114305973053	0.6886916756629944
1	0.15555919706821442	0.7680970430374146
1	0.11988195031881332	0.6866078972816467
1	0.07705032825469971	0.6818184852600098
1	0.27659842371940613	0.6497467756271362
1	0.2489539235830307	0.6219775676727295
1	0.2817627191543579	0.7599440813064575
1	0.09560424089431763	0.7509415149688721
1	0.20230013132095337	0.6023229956626892
1	0.15257811546325684	0.7851023077964783
1	0.29710280895233154	0.5601897835731506
1	0.22712402045726776	0.7681109309196472
1	0.2967298626899719	0.7023721933364868
1	0.1442614495754242	0.6674455404281616
1	0.05402080714702606	0.8309100866317749
1	0.1987820863723755	0.6617307662963867
1	0.15534748136997223	0.6477769017219543
1	0.08885038644075394	0.7788394093513489
1	0.22834977507591248	0.6021398901939392
1	0.23334021866321564	0.7480847835540771
1	0.177096426486969	0.8247526288032532
1	0.13718245923519135	0.606859564781189
1	0.24012523889541626	0.6972241401672363
1	0.20773957669734955	0.7859113216400146
1	0.20500202476978302	0.6573734283447266
1	0.2021346390247345	0.6806191802024841
1	0.2038501799106598	0.6924267411231995
1	0.18442587554454803	0.5816278457641602
1	0.34047096967697144	0.6136978268623352
1	0.19762231409549713	0.6097002029418945
1	0.12640799582004547	0.7117514610290527
1	0.06637700647115707	0.5763018727302551
1	0.021619204431772232	0.7169573903083801
1	0.16219134628772736	0.7342092990875244
1	0.22800059616565704	0.6642207503318787
1	0.379531592130661	0.6106827855110168
1	0.2903004288673401	0.7464514374732971
1	0.2901417315006256	0.7495319843292236
1	0.09624581038951874	0.7661327123641968
1	0.21459034085273743	0.6696730852127075
1	0.23523679375648499	0.5913161635398865
1	0.22323782742023468	0.7089581489562988
1	0.3138464391231537	0.6419064402580261
1	0.1468818634748459	0.6329737305641174
1	0.14277571439743042	0.8256264328956604
1	0.13661359250545502	0.7954984903335571
1	0.26326826214790344	0.6943337917327881
1	0.15317469835281372	0.581231951713562
1	0.16212314367294312	0.7051998376846313
1	0.13117164373397827	0.5857343673706055
1	0.16469687223434448	0.7776032090187073
1	0.2949148416519165	0.5582816004753113
1	0.18796536326408386	0.6652844548225403
1	0.18051186203956604	0.6624840497970581
1	0.07530754804611206	0.6993374228477478
1	0.16053111851215363	0.7018833756446838
1	0.1696821004152298	0.8493072390556335
1	0.23340868949890137	0.6886274218559265
1	0.33978819847106934	0.7250852584838867
1	0.13818560540676117	0.7336875200271606
1	0.26432910561561584	0.6362008452415466
1	0.1515321433544159	0.7408296465873718
1	0.15389582514762878	0.7986211776733398
1	0.20889489352703094	0.6152875423431396
1	0.12402505427598953	0.7585710883140564
1	0.040490616112947464	0.6032039523124695
1	0.25076916813850403	0.625514030456543
1	0.1617342084646225	0.6495983600616455
1	0.2855873107910156	0.7280819416046143
1	0.10279210656881332	0.5974621772766113
1	0.19302724301815033	0.5030761957168579
1	0.22289718687534332	0.8323216438293457
1	0.10079449415206909	0.6994351744651794
1	0.18623577058315277	0.7593021988868713
1	0.32053130865097046	0.6109963059425354
1	0.294093519449234	0.7989326119422913
1	0.3254495859146118	0.7152986526489258
1	0.18293693661689758	0.707836925983429
1	0.3128357529640198	0.6238345503807068
1	0.24182066321372986	0.689873218536377
1	0.1904367059469223	0.6431854963302612
1	0.2098047435283661	0.6947737336158752
1	0.2583778500556946	0.7335104942321777
1	0.2709426283836365	0.7303916811943054
1	0.30050772428512573	0.6402312517166138
1	0.2728210389614105	0.7858879566192627
1	0.1885811686515808	0.604088544845581
1	0.20435592532157898	0.6785163879394531
1	0.24053549766540527	0.7927408814430237
1	0.16760770976543427	0.6048654317855835
1	0.15468105673789978	0.6079715490341187
1	0.10597407817840576	0.678092896938324
1	0.1986255645751953	0.767921507358551
1	0.26366156339645386	0.716376543045044
1	0.20910176634788513	0.6960437893867493
1	0.11696160584688187	0.621170699596405
1	0.10516030341386795	0.762727677822113
1	0.21500475704669952	0.6450191736221313
1	0.20031560957431793	0.7713902592658997
1	0.16843560338020325	0.7734748125076294
1	0.21354572474956512	0.6458697319030762
1	0.183160200715065	0.591648280620575
2	0.4247603714466095	0.9211080074310303
2	0.4169083535671234	0.9032331109046936
2	0.42932361364364624	0.9328908920288086
2	0.4567526578903198	0.9518147110939026
2	0.41341736912727356	0.9195878505706787
2	0.4097566604614258	0.9045650959014893
2	0.42623281478881836	0.9129800796508789
2	0.41606178879737854	0.9286738634109497
2	0.4325942397117615	0.9419845342636108
2	0.4115113317966461	0.9270557761192322
2	0.4083767235279083	0.9042761325836182
2	0.408981591463089	0.933907151222229
2	0.4396945834159851	0.8935789465904236
2	0.4189032018184662	0.9236931204795837
2	0.41486603021621704	0.9235578775405884
2	0.44734740257263184	0.9041901230812073
2	0.41867342591285706	0.9105091094970703
2	0.41973990201950073	0.9340084195137024
2	0.44777771830558777	0.8963819146156311
2	0.4097042977809906	0.9260445833206177
2	0.42097339034080505	0.9372482299804688
2	0.4135008752346039	0.8916323184967041
2	0.44802626967430115	0.9138550758361816
2	0.4347696602344513	0.9253737926483154
2	0.4242389500141144	0.9167686104774475
2	0.4022437036037445	0.9311913251876831
2	0.4392584562301636	0.9106560945510864
2	0.42365017533302307	0.9324296116828918
2	0.42942535877227783	0.9234759211540222
2	0.37891921401023865	0.9057435989379883
2	0.4471047818660736	0.9212936758995056
2	0.4217587411403656	0.9043352603912354
2	0.4251854419708252	0.9290915131568909
2	0.4221751093864441	0.9372928738594055
2	0.44464996457099915	0.9106637835502625
2	0.4376518726348877	0.9353972673416138
2	0.4448436200618744	0.9218301177024841
2	0.43952757120132446	0.9321080446243286
2	0.43288642168045044	0.923454761505127
2	0.42844459414482117	0.9118527770042419
2	0.40915167331695557	0.9174031019210815
2	0.42981308698654175	0.9002825021743774
2	0.39215418696403503	0.9205379486083984
2	0.4513033330440521	0.9264382123947144
2	0.396663099527359	0.9118344783782959
2	0.44158974289894104	0.8946162462234497
2	0.4339919090270996	0.9111979007720947
2	0.40312492847442627	0.9206997752189636
2	0.4238269329071045	0.9540433883666992
2	0.4214678406715393	0.9435778260231018
2	0.4221828877925873	0.9135584831237793
2	0.4334906041622162	0.8955408334732056
2	0.4298756718635559	0.898446798324585
2	0.4230530261993408	0.9172280430793762
2	0.4685361683368683	0.9423137307167053
2	0.4254443943500519	0.9140915274620056
2	0.4296979308128357	0.9227689504623413
2	0.42147377133369446	0.8983500003814697
2	0.45325934886932373	0.9129324555397034
2	0.4312514364719391	0.929314374923706
2	0.40741631388664246	0.9111843109130859
2	0.41208386421203613	0.926325798034668
2	0.4058924615383148	0.9224034547805786
2	0.40135133266448975	0.916114866733551
2	0.4097959101200104	0.9138100743293762
2	0.42136090993881226	0.932538628578186
2	0.46177875995635986	0.9264693260192871
2	0.4105551242828369	0.9035516381263733
2	0.40433213114738464	0.9275150895118713
2	0.43702036142349243	0.9370797872543335
2	0.422046422958374	0.9069676995277405
2	0.42634114623069763	0.9322320222854614
2	0.4414653480052948	0.9047126770019531
2	0.4265318512916565	0.9111170172691345
2	0.43840813636779785	0.9164549112319946
2	0.4586983919143677	0.9110293388366699
2	0.4228516221046448	0.9053882360458374
2	0.4293932020664215	0.9275447726249695
2	0.44081416726112366	0.9193971753120422
2	0.39489519596099854	0.9166237115859985
2	0.44027596712112427	0.8938441872596741
2	0.41563060879707336	0.9206079840660095
2	0.4448581039905548	0.9201207756996155
2	0.4490208923816681	0.8904226422309875
2	0.39912837743759155	0.9247000217437744
2	0.4473724961280823	0.9251312017440796
2	0.4168822467327118	0.8771408796310425
2	0.41887930035591125	0.9183802604675293
2	0.40190961956977844	0.928743302822113
2	0.4220227003097534	0.9126800298690796
2	0.4252614378929138	0.9209984540939331
2	0.42853644490242004	0.906444787979126
2	0.4249952733516693	0.9190356135368347
2	0.4189165532588959	0.91023188829422
2	0.3880961537361145	0.9229235649108887
2	0.42436084151268005	0.9482166171073914
2	0.39765602350234985	0.929632306098938
2	0.43230506777763367	0.9158892035484314
2	0.42920544743537903	0.9274531006813049
2	0.4301412105560303	0.9127463102340698
2	0.4231705367565155	0.9201311469078064
2	0.4029199779033661	0.9235988259315491
2	0.40705978870391846	0.9232979416847229
2	0.42321091890335083	0.9316166043281555
2	0.41582807898521423	0.9142789244651794
2	0.4061097800731659	0.9338831901550293
2	0.4163093864917755	0.921992301940918
2	0.4343204200267792	0.9078757166862488
2	0.41701892018318176	0.9148269295692444
2	0.4166112542152405	0.920617938041687
2	0.40373170375823975	0.9114295840263367
2	0.4445967972278595	0.9152736067771912
2	0.4357888400554657	0.9271888732910156
2	0.42984533309936523	0.9242600202560425
2	0.40351828932762146	0.922925591468811
2	0.42547792196273804	0.9132081270217896
2	0.4483783543109894	0.9275659322738647
2	0.43347302079200745	0.9282050132751465
2	0.4166131913661957	0.9086142182350159
2	0.40912488102912903	0.9421684145927429
2	0.4064875543117523	0.9283220767974854
2	0.41184836626052856	0.9226071834564209
2	0.42009976506233215	0.9098023176193237
2	0.42444756627082825	0.9446937441825867
2	0.41477876901626587	0.9095004796981812
2	0.4140716791152954	0.9342371821403503
2	0.42187008261680603	0.9445875287055969
2	0.40782928466796875	0.9283117055892944
2	0.40504205226898193	0.9204816818237305
2	0.4226582944393158	0.9139760732650757
2	0.42157506942749023	0.9238185882568359
2	0.4064740538597107	0.9266546368598938
2	0.4177919924259186	0.926419198513031
2	0.45452210307121277	0.8874732255935669
2	0.39902427792549133	0.9222874045372009
2	0.4066644012928009	0.9193939566612244
2	0.42690595984458923	0.9324570894241333
2	0.4246197044849396	0.9281425476074219
2	0.4239412844181061	0.9110835790634155
2	0.45381268858909607	0.9323402047157288
2	0.4324730336666107	0.9223161935806274
2	0.37742048501968384	0.9082498550415039
2	0.44820502400398254	0.9142041802406311
2	0.4342775344848633	0.9348499774932861
2	0.3985412120819092	0.9075276851654053
2	0.41955476999282837	0.9006185531616211
2	0.4202975332736969	0.9186735153198242
2	0.4112553596496582	0.9218312501907349
2	0.41437703371047974	0.9169020652770996
2	0.4067213535308838	0.8916093111038208
2	0.39331716299057007	0.897713840007782
2	0.4216976463794708	0.9495403170585632
2	0.420931875705719	0.9035215973854065
2	0.4258733093738556	0.9307546615600586
2	0.39846092462539673	0.9502180218696594
2	0.43384164571762085	0.9162617921829224
2	0.4126158356666565	0.9163442850112915
2	0.4527526795864105	0.8966184854507446
2	0.4212847352027893	0.9083998203277588
2	0.4180711507797241	0.9375048279762268
2	0.4052005708217621	0.9350478649139404
2	0.4012567102909088	0.937978982925415
2	0.4025476276874542	0.9260902404785156
2	0.4123357832431793	0.8949772119522095
2	0.412865549325943	0.9216414093971252
2	0.43725156784057617	0.9076631665229797
2	0.4191822409629822	0.9356040954589844
2	0.39771804213523865	0.9250123500823975
2	0.41681796312332153	0.9282601475715637
2	0.42581748962402344	0.9422629475593567
2	0.41172218322753906	0.9278564453125
2	0.4372289478778839	0.9268587231636047
2	0.42701733112335205	0.9521395564079285
2	0.417140394449234	0.9165253043174744
2	0.4002141058444977	0.9152452349662781
2	0.4006900191307068	0.9116473197937012
2	0.41707566380500793	0.9155220985412598
2	0.41752833127975464	0.9278727769851685
2	0.418352872133255	0.8985998630523682
2	0.44083845615386963	0.9123933911323547
2	0.41402778029441833	0.9275475740432739
2	0.40508967638015747	0.9417879581451416
2	0.42295441031455994	0.9412769079208374
2	0.40826472640037537	0.9292223453521729
2	0.4278064966201782	0.919748067855835
2	0.4016098380088806	0.9090325832366943
2	0.4364769160747528	0.9235013723373413
2	0.4335576593875885	0.9078428149223328
2	0.4036093056201935	0.8999294638633728
2	0.44442570209503174	0.9436840415000916
2	0.43699729442596436	0.9452879428863525
2	0.40116921067237854	0.9403890371322632
2	0.41975536942481995	0.9234241247177124
2	0.42173776030540466	0.9209049344062805
2	0.40341633558273315	0.9323420524597168
2	0.414726197719574	0.9141764640808105
2	0.4135541617870331	0.9294754862785339
2	0.4299946427345276	0.9329021573066711
2	0.4255457818508148	0.9229257702827454
2	0.40406307578086853	0.9335963129997253
2	0.41047972440719604	0.9285261034965515
2	0.43373724818229675	0.9404330253601074
2	0.44058555364608765	0.9137333631515503
2	0.383400022983551	0.9308345317840576
2	0.42672330141067505	0.9188668727874756
2	0.41496536135673523	0.9222004413604736
2	0.3942457139492035	0.9202008843421936
2	0.43060779571533203	0.9142765998840332
2	0.41125625371932983	0.9243205785751343
2	0.429082453250885	0.9259656071662903
2	0.4127922058105469	0.8903350234031677
2	0.4074716567993164	0.9505858421325684
2	0.4182055592536926	0.9387451410293579
2	0.43541422486305237	0.9121999740600586
2	0.3935592770576477	0.9037414789199829
2	0.438520222902298	0.906452476978302
2	0.4030187427997589	0.9244011044502258
2	0.41870784759521484	0.9273266792297363
2	0.41544148325920105	0.9051957726478577
2	0.4001978039741516	0.9293268322944641
2	0.40235447883605957	0.9539315104484558
2	0.4093951880931854	0.920142412185669
2	0.43067172169685364	0.9403122067451477
2	0.42540442943573	0.8828724026679993
2	0.4382956027984619	0.9222381114959717
2	0.4106925129890442	0.9059984087944031
2	0.4052712023258209	0.9217997789382935
2	0.4380842447280884	0.9190126657485962
2	0.43532833456993103	0.9357800483703613
2	0.417022705078125	0.9109461903572083
2	0.4295194745063782	0.9035393595695496
2	0.4140346646308899	0.9424250721931458
2	0.4196977913379669	0.9315797090530396
2	0.4327351450920105	0.9024938344955444
2	0.39617738127708435	0.9366912841796875
2	0.42714473605155945	0.9253800511360168
2	0.43276727199554443	0.8932092189788818
2	0.3986697793006897	0.9349488615989685
2	0.42006319761276245	0.9348279237747192
2	0.4226089417934418	0.9279582500457764
2	0.4022892713546753	0.9208035469055176
2	0.4418383240699768	0.8946603536605835
2	0.4094541668891907	0.9216781854629517
2	0.45734190940856934	0.9100337624549866
2	0.4314115643501282	0.8972565531730652
2	0.4328620433807373	0.9013685584068298
2	0.4226382076740265	0.9558221101760864
2	0.4243435859680176	0.9281670451164246
2	0.39272749423980713	0.9240562915802002
2	0.4246033728122711	0.9259938597679138
2	0.40661197900772095	0.9395130276679993
2	0.4093784987926483	0.9284049272537231
2	0.41772791743278503	0.9148849248886108
2	0.41850796341896057	0.9317812323570251
2	0.41265976428985596	0.9506040215492249
2	0.40105706453323364	0.949142575263977
2	0.4344451427459717	0.8858010172843933
2	0.41333991289138794	0.9003391265869141
2	0.4205249845981598	0.923738420009613
2	0.41011884808540344	0.9236186146736145
2	0.4153369665145874	0.9141805171966553
2	0.4272770881652832	0.9176309108734131
2	0.4238174855709076	0.9166007041931152
2	0.4337022304534912	0.9099428057670593
2	0.4240529537200928	0.9337764978408813
2	0.42510685324668884	0.9404447674751282
2	0.40614885091781616	0.9368091225624084
2	0.4200136661529541	0.9130366444587708
2	0.4442759156227112	0.9281817674636841
2	0.41759824752807617	0.9142864346504211
2	0.4147297143936157	0.9215582013130188
2	0.42579254508018494	0.9605129361152649
2	0.4264151155948639	0.9035513401031494
2	0.42811262607574463	0.9119977951049805
2	0.40401455760002136	0.8985905647277832
2	0.43587425351142883	0.9086478352546692
2	0.43546542525291443	0.9235795736312866
2	0.4121716618537903	0.9107766151428223
2	0.4096440076828003	0.9296135902404785
2	0.453389972448349	0.9382991790771484
2	0.41977041959762573	0.9239044785499573
2	0.410908043384552	0.9309362769126892
2	0.40879225730895996	0.9167706966400146
2	0.41872638463974	0.9077234268188477
2	0.4216828942298889	0.9408999085426331
2	0.4242401123046875	0.9186842441558838
2	0.4291812777519226	0.9069265127182007
2	0.39233359694480896	0.8981840014457703
2	0.46159499883651733	0.9336422681808472
2	0.42363303899765015	0.9224430918693542
2	0.4195708930492401	0.9243619441986084
2	0.41048455238342285	0.9125838279724121
2	0.42113393545150757	0.9093471765518188
2	0.4226357936859131	0.8989229202270508
2	0.4368211030960083	0.9351814985275269
2	0.42566511034965515	0.9015094041824341
2	0.4157399535179138	0.9227436780929565
2	0.41104835271835327	0.9250965714454651
2	0.3980049192905426	0.934840977191925
2	0.4003292918205261	0.9018390774726868
2	0.4339372515678406	0.8831743597984314
2	0.4122828245162964	0.9322909712791443
2	0.4375910758972168	0.9328718781471252
2	0.4314284026622772	0.9351702928543091
2	0.42316386103630066	0.9565820097923279
2	0.41596028208732605	0.9286734461784363
2	0.4102664291858673	0.9210752248764038
2	0.40908530354499817	0.9124757051467896
2	0.42161786556243896	0.9239668846130371
2	0.41857287287712097	0.9310240745544434
2	0.38692352175712585	0.9365053176879883
2	0.4187145531177521	0.928352415561676
2	0.44116634130477905	0.9094871878623962
2	0.4446686804294586	0.9246631860733032
2	0.4214666187763214	0.9436469674110413
2	0.4362671673297882	0.9348214864730835
2	0.4157247245311737	0.9565201997756958
2	0.432323694229126	0.9253254532814026
2	0.3952464759349823	0.8880758285522461
2	0.43207406997680664	0.9318379163742065
2	0.39522579312324524	0.8976871967315674
2	0.42223837971687317	0.9193135499954224
2	0.4314139485359192	0.9321943521499634
2	0.4132237434387207	0.9237478375434875
2	0.41289207339286804	0.9269317388534546
2	0.4392336308956146	0.9139302372932434
2	0.4216177463531494	0.9301954507827759
2	0.3839503824710846	0.92852783203125
2	0.3849096894264221	0.9204908013343811
2	0.41276606917381287	0.9124976992607117
2	0.43694525957107544	0.9430054426193237
2	0.396299809217453	0.9044652581214905
2	0.45001664757728577	0.9313960075378418
2	0.41255009174346924	0.9071401357650757
2	0.4344179332256317	0.9075535535812378
2	0.43108466267585754	0.9042668342590332
2	0.4285530745983124	0.9421901702880859
2	0.412283718585968	0.9385672211647034
2	0.43590542674064636	0.8807132244110107
2	0.4155244827270508	0.9136809706687927
2	0.42570313811302185	0.9029375314712524
2	0.4522581994533539	0.909168004989624
2	0.42419108748435974	0.9340888261795044
2	0.4098571240901947	0.9371212720870972
2	0.4020848274230957	0.9336690306663513
2	0.42984530329704285	0.9607638716697693
2	0.4100577235221863	0.9386983513832092
2	0.3982953131198883	0.9269675612449646
2	0.41288506984710693	0.897304892539978
2	0.4039463996887207	0.8819604516029358
2	0.433660089969635	0.9118038415908813
2	0.41324135661125183	0.9048530459403992
2	0.4147978723049164	0.9391610026359558
2	0.43222567439079285	0.9255335330963135
2	0.42377200722694397	0.9281579256057739
2	0.4284903109073639	0.9185510873794556
2	0.40312474966049194	0.9167169332504272
2	0.4114605486392975	0.9129345417022705
2	0.4022620916366577	0.890470027923584
2	0.42988255620002747	0.9467756748199463
2	0.3860818147659302	0.8741950392723083
2	0.2903112471103668	0.8317045569419861
2	0.4176613688468933	0.6933367252349854
2	0.34675127267837524	0.7822901606559753
2	0.2970030903816223	0.8537377119064331
2	0.25329509377479553	0.9237614274024963
2	0.34080770611763	0.8000705242156982
2	0.2608087658882141	0.8747045993804932
2	0.28246286511421204	0.8283395767211914
2	0.3976946473121643	0.751455545425415
2	0.32428914308547974	0.8415879011154175
2	0.2485910803079605	0.8724934458732605
2	0.2338053286075592	0.8840576410293579
2	0.350625604391098	0.7992583513259888
2	0.29075461626052856	0.8186709880828857
2	0.38441672921180725	0.7468519806861877
2	0.3429412543773651	0.8915762305259705
2	0.3490225076675415	0.7737813591957092
2	0.35789886116981506	0.7547805309295654
2	0.30213290452957153	0.8701823353767395
2	0.33336108922958374	0.7940473556518555
2	0.2959628105163574	0.824184238910675
2	0.38552504777908325	0.7863942384719849
2	0.37654516100883484	0.8096505403518677
2	0.3135027289390564	0.8036452531814575
2	0.3250865936279297	0.8019752502441406
2	0.2889455258846283	0.8346871137619019